0.513206
0.251499
0.448801
0.078135
0.119517
0.422547
0.584088
0.546546
0.865296
0.328431
0.184902
0.985801
0.158185
0.750123
0.172907
0.649833
0.557366
0.550594
0.613725
0.865022
0.577058
0.723246
0.867921
0.484464
0.815838
0.006696
0.877877
0.309235
0.032122
0.701797
0.121229
0.886364
0.330736
0.884714
0.179816
0.049524
0.272712
0.339891
0.081411
0.416605
0.363500
0.387451
0.704741
0.927388
0.673205
0.289946
0.601739
0.784307
0.104830
0.883047
0.686092
0.389523
0.776884
0.541026
0.768588
0.318789
0.098742
0.795937
0.594720
0.786181
0.110768
0.895523
0.128161
0.945686
0.255324
0.823527
0.955008
0.218305
0.771230
0.215417
0.290195
0.405900
0.722757
0.219420
0.698151
0.480547
0.729265
0.308348
0.486884
0.203224
0.864332
0.411011
0.732747
0.174031
0.729911
0.858576
0.448891
0.438981
0.989361
0.176521
0.477292
0.529038
0.225788
0.866754
0.454477
0.799620
0.493547
0.859178
0.258196
0.712279
0.851706
0.003554
0.436211
0.989127
0.383085
0.855941
0.474573
0.191530
0.122514
0.648891
0.156430
0.237429
0.419433
0.176242
0.033368
0.934463
0.078312
0.098784
0.975951
0.453984
0.678150
0.619914
0.099404
0.056515
0.987846
0.594442
0.534454
0.428049
0.842317
0.663600
0.844696
0.015037
0.182047
0.574630
0.462046
0.240895
0.225991
0.713060
0.882237
0.290812
0.105713
0.572649
0.021259
0.565020
0.564332
0.323297
0.699457
0.992351
0.156327
0.771601
0.093897
0.575513
0.893490
0.413974
0.896939
0.215901
0.567775
0.955802
0.373473
0.144459
0.778288
0.306837
0.509284
0.816931
0.171654
0.218454
0.941684
0.169932
0.317538
0.891958
0.458495
0.325910
0.089605
0.873614
0.359318
0.477839
0.654293
0.744931
0.399346
0.323694
0.486206
0.361535
0.631088
0.696157
0.462379
0.764454
0.278188
0.067826
0.720531
0.548211
0.820487
0.661531
0.254718
0.569945
0.133188
0.781609
0.345914
0.528146
0.334861
0.117498
0.965990
0.903031
0.517249
0.014256
0.204507
0.100934
0.126923
0.883682
0.831781
0.851604
0.599597
0.520641
0.322103
0.844417
0.925341
0.839693
0.291373
0.826453
0.263510
0.659045
0.541616
0.450656
0.206455
0.056606
0.757043
0.454838
0.370613
0.974291
0.060198
0.464560
0.088092
0.164160
0.724980
0.327011
0.753301
0.568808
0.752877
0.595733
0.118136
0.083740
0.066332
0.835001
0.731435
0.515931
0.309733
0.519663
0.675919
0.320052
0.795356
0.821887
0.905794
0.596352
0.280048
0.154593
0.578554
0.313899
0.676340
0.235424
0.386275
0.680176
0.035668
0.897166
0.959024
0.117908
0.298052
0.657617
0.007534
0.090971
0.001004
0.656064
0.367258
0.222668
0.778921
0.181039
0.514604
0.534029
0.849955
0.273217
0.342144
0.364185
0.145210
0.923427
0.673511
0.360901
0.784124
0.707697
0.667037
0.558449
0.284825
0.028469
0.312080
0.918642
0.656114
0.124780
0.277847
0.063251
0.028357
0.665429
0.154230
0.519834
0.458691
0.990988
0.843548
0.511474
0.908464
0.472974
0.465635
0.206557
0.214525
0.075534
0.365121
0.993321
0.044143
0.286759
0.529241
0.340453
0.974423
0.788158
0.205161
0.155686
0.006648
0.082528
0.771529
0.062930
0.413920
0.876415
0.073753
0.465136
0.010158
0.775843
0.102668
0.233943
0.225948
0.838496
0.167510
0.597168
0.310093
0.687549
0.428655
0.043133
0.165518
0.622352
0.789424
0.554251
0.805423
0.438226
0.843691
0.891531
0.593285
0.513273
0.358872
0.745287
0.933642
0.137963
0.775536
0.736056
0.954175
0.621953
0.809584
0.671764
0.162575
0.428095
0.626099
0.006983
0.410287
0.528139
0.918589
0.551859
0.312779
0.004402
0.390220
0.083287
0.463192
0.996164
0.871324
0.379408
0.130671
0.293007
0.340753
0.711442
0.169778
0.244607
0.587875
0.248878
0.619125
0.755796
0.236025
0.029254
0.816696
0.699681
0.654900
0.339776
0.117121
0.282394
0.141856
0.789887
0.067343
0.578874
0.048422
0.494390
0.696987
0.763294
0.662602
0.304364
0.237149
0.311610
0.744586
0.672500
0.708071
0.097373
0.417895
0.793846
0.563175
0.886253
0.684863
0.493468
0.663052
0.563836
0.546452
0.932406
0.237074
0.902088
0.005291
0.845733
0.918527
0.481060
0.995491
0.875414
0.919413
0.472407
0.337165
0.344337
0.501117
0.050565
0.500517
0.858287
0.989268
0.854060
0.042238
0.976452
0.181569
0.954825
0.107373
0.502342
0.016195
0.040212
0.195409
0.106418
0.499109
0.878172
0.216272
0.742954
0.774712
0.981733
0.809427
0.406624
0.633946
0.140125
0.400666
0.475604
0.599158
0.836411
0.062832
0.388032
0.566906
0.645706
0.072196
0.827918
0.824506
0.572297
0.091242
0.642807
0.481742
0.625450
0.982761
0.866112
0.251774
0.374696
0.806284
0.194176
0.978035
0.242001
0.441829
0.321787
0.801919
0.996849
0.581207
0.619188
0.447702
0.413589
0.851073
0.641918
0.922742
0.143851
0.760478
0.354913
0.209977
0.013621
0.351455
0.895412
0.949638
0.377638
0.450250
0.356236
0.468264
0.306102
0.837816
0.522913
0.384264
0.564000
0.861938
0.914875
0.811451
0.691299
0.242509
0.226111
0.381600
0.623769
0.798409
0.678296
0.748103
0.333834
0.658430
0.954389
0.380798
0.341265
0.756003
0.109365
0.334653
0.349987
0.899889
0.498598
0.820795
0.500170
0.039522
0.937833
0.844933
0.539620
0.042624
0.229061
0.841165
0.956688
0.041016
0.847427
0.183871
0.896106
0.851685
0.825389
0.300717
0.085547
0.092396
0.396404
0.009238
0.328110
0.256537
0.420911
0.395221
0.790435
0.879904
0.811944
0.481921
0.292845
0.611480
0.165744
0.120027
0.067661
0.788821
0.184434
0.361835
0.933936
0.482705
0.640844
0.324246
0.251407
0.295379
0.662166
0.972525
0.299683
0.228341
0.750522
0.624377
0.254136
0.794101
0.778217
0.607315
0.754542
0.522255
0.638119
0.653628
0.369633
0.256839
0.528552
0.341996
0.624819
0.667370
0.599775
0.273946
0.908422
0.006896
0.961732
0.623066
0.767013
0.000687
0.718636
0.287108
0.388741
0.082332
0.132922
0.097325
0.385585
0.226797
0.569205
0.834795
0.895388
0.859905
0.716353
0.198825
0.964463
0.014598
0.776943
0.988895
0.575602
0.936301
0.436552
0.784200
0.398201
0.356576
0.318730
0.683795
0.294626
0.145181
0.291486
0.513750
0.041130
0.389592
0.627944
0.191487
0.251898
0.548596
0.333714
0.347877
0.937680
0.647592
0.503064
0.401622
0.358497
0.765782
0.406753
0.431564
0.375045
0.372733
0.072315
0.095116
0.078668
0.274450
0.561965
0.261804
0.342041
0.003428
0.848085
0.802838
0.800957
0.591906
0.778665
0.416582
0.525171
0.550479
0.014309
0.484698
0.766966
0.196372
0.943341
0.634428
0.177742
0.241319
0.160375
0.538461
0.054920
0.701469
0.815959
0.459934
0.632763
0.673952
0.044577
0.840701
0.146282
0.364293
0.698621
0.215266
0.094240
0.187597
0.946722
0.519394
0.650119
0.987257
0.329765
0.939252
0.980375
0.348622
0.365498
0.284529
0.367722
0.649166
0.172737
0.538581
0.594911
0.990039
0.693856
0.383969
0.649854
0.970798
0.765760
0.647947
0.649521
0.501386
0.056411
0.244848
0.569507
0.548457
0.254371
0.759914
0.962438
0.287832
0.136829
0.229465
0.528043
0.057761
0.730279
0.074911
0.387514
0.576421
0.535877
0.866674
0.397140
0.616336
0.686094
0.157457
0.933058
0.209532
0.913904
0.812373
0.763686
0.737560
0.940641
0.442664
0.222219
0.768848
0.988811
0.612587
0.444419
0.234129
0.776137
0.196912
0.832538
0.527195
0.691504
0.528071
0.729978
0.980724
0.831547
0.984028
0.999058
0.206087
0.366372
0.874876
0.990785
0.988205
0.739709
0.754732
0.126356
0.966541
0.145759
0.823459
0.860750
0.837579
0.858109
0.633056
0.074898
0.947086
0.019155
0.946678
0.484948
0.669899
0.942135
0.925271
0.165313
0.086483
0.418573
0.141485
0.665738
0.313287
0.116063
0.358654
0.810250
0.693049
0.827448
0.085493
0.464949
0.417459
0.757426
0.777196
0.484240
0.633398
0.635693
0.429181
0.083957
0.006197
0.415311
0.746293
0.257707
0.001277
0.631527
0.249514
0.028859
0.739867
0.870602
0.466032
0.238989
0.592722
0.555755
0.300353
0.875247
0.401767
0.535435
0.890272
0.709008
0.032648
0.883132
0.731209
0.624313
0.550687
0.541266
0.163531
0.768395
0.132845
0.006265
0.899975
0.710434
0.538463
0.193762
0.320770
0.923113
0.866293
0.538974
0.379665
0.711129
0.548970
0.398345
0.160138
0.632893
0.729358
0.714142
0.954462
0.387875
0.420258
0.445155
0.246050
0.028218
0.677423
0.619355
0.900659
0.892969
0.386483
0.985996
0.981623
0.348165
0.612373
0.029524
0.799552
0.710009
0.872497
0.437731
0.286702
0.949973
0.225357
0.717728
0.849102
0.957237
0.495247
0.468637
0.750237
0.641044
0.739663
0.262918
0.209074
0.010176
0.278705
0.771715
0.358597
0.915032
0.420900
0.971799
0.555215
0.956594
0.993286
0.516530
0.712715
0.478796
0.057863
0.032786
0.214904
0.332309
0.916006
0.951117
0.073067
0.578938
0.859394
0.583204
0.040662
0.003949
0.007838
0.458183
0.208621
0.016344
0.887876
0.825689
0.136443
0.359771
0.290842
0.850179
0.240043
0.300492
0.468973
0.313097
0.589504
0.315881
0.726083
0.696255
0.583599
0.080549
0.062577
0.161645
0.260008
0.510084
0.384078
0.500369
0.921029
0.098994
0.403530
0.375891
0.973226
0.130886
0.767935
0.308039
0.969637
0.888825
0.205563
0.108364
0.671865
0.514093
0.138232
0.322640
0.237785
0.001733
0.177376
0.027780
0.877918
0.213675
0.370676
0.009144
0.235759
0.324204
0.245604
0.318528
0.670239
0.487522
0.236466
0.827789
0.830351
0.825693
0.925643
0.325289
0.853883
0.342573
0.873392
0.155664
0.346894
0.351324
0.209314
0.511737
0.206396
0.952760
0.529014
0.086899
0.620504
0.770408
0.096904
0.496478
0.126559
0.367531
0.473018
0.866350
0.049539
0.415729
0.412495
0.985746
0.596667
0.091227
0.152127
0.919063
0.651890
0.146927
0.397453
0.748735
0.671331
0.704308
0.716690
0.264419
0.031831
0.308254
0.209131
0.908585
0.248698
0.214633
0.606590
0.085721
0.162140
0.702176
0.662479
0.358355
0.793503
0.473106
0.277972
0.427388
0.797531
0.060426
0.671705
0.784043
0.266904
0.362354
0.803452
0.064892
0.575714
0.033026
0.642907
0.914950
0.269107
0.722344
0.979652
0.717599
0.046484
0.944869
0.436146
0.056076
0.117149
0.061695
0.357571
0.406489
0.923964
0.342637
0.983794
0.653355
0.033085
0.744303
0.105293
0.436727
0.659412
0.542963
0.037139
0.615543
0.577857
0.675008
0.916801
0.640161
0.041262
0.736636
0.149335
0.928467
0.892130
0.040269
0.629190
0.033837
0.605601
0.406233
0.939339
0.073315
0.241456
0.595957
0.488050
0.401178
0.287199
0.664770
0.824720
0.591675
0.349943
0.043871
0.633393
0.360668
0.276690
0.689002
0.611336
0.222908
0.823731
0.297921
0.778640
0.261836
0.348069
0.804336
0.505930
0.693653
0.485103
0.947859
0.427506
0.334024
0.901845
0.812129
0.975710
0.996299
0.728029
0.201719
0.376017
0.100275
0.436689
0.131559
0.697105
0.215556
0.120368
0.478389
0.084316
0.540884
0.863695
0.288602
0.173760
0.293424
0.568105
0.620417
0.551978
0.868026
0.711256
0.276657
0.220950
0.917090
0.966158
0.593334
0.356975
0.255104
0.881496
0.164135
0.393190
0.684711
0.540516
0.516002
0.800483
0.974475
0.915400
0.150022
0.842610
0.860771
0.499429
0.558918
0.459305
0.510809
0.858099
0.103024
0.464551
0.891300
0.008035
0.583202
0.018063
0.255320
0.217774
0.425019
0.675251
0.128648
0.577137
0.354361
0.086856
0.738222
0.750472
0.973722
0.782421
0.188897
0.717749
0.219728
0.998297
0.898350
0.846285
0.963904
0.709603
0.599830
0.790515
0.647237
0.507336
0.635967
0.825134
0.449059
0.942801
0.663897
0.258631
0.286482
0.480360
0.409875
0.479642
0.059448
0.788612
0.902089
0.844279
0.277922
0.253888
0.138516
0.178994
0.109660
0.162371
0.422404
0.307543
0.380203
0.223285
0.972380
0.829688
0.812144
0.191618
0.662088
0.116229
0.775810
0.710955
0.149856
0.855278
0.576893
0.584058
0.793911
0.950723
0.644745
0.704360
0.734253
0.243281
0.453403
0.324161
0.083188
0.373054
0.717218
0.573043
0.911013
0.411580
0.631288
0.808155
0.892628
0.737510
0.512493
0.076131
0.460199
0.323987
0.684252
0.505651
0.830155
0.222037
0.384923
0.464929
0.529325
0.755114
0.298442
0.874320
0.187384
0.376243
0.032966
0.744783
0.993834
0.110594
0.074433
0.984217
0.335696
0.575449
0.763176
0.203249
0.009172
0.385281
0.405055
0.655491
0.745022
0.945159
0.411931
0.715733
0.050300
0.996370
0.129397
0.289007
0.203749
0.968609
0.286982
0.946095
0.413618
0.032274
0.319906
0.487893
0.950612
0.685843
0.937309
0.414449
0.638609
0.817534
0.342387
0.929024
0.132207
0.753038
0.166679
0.494432
0.091446
0.648124
0.361070
0.806240
0.596760
0.665908
0.677402
0.274235
0.023257
0.821812
0.060980
0.675832
0.382584
0.130903
0.820503
0.816420
0.880501
0.700435
0.940935
0.024979
0.537092
0.991387
0.919845
0.574748
0.176303
0.604310
0.858652
0.459893
0.141979
0.469394
0.883157
0.391371
0.648224
0.458356
0.361410
0.226932
0.999662
0.782593
0.303083
0.644050
0.831478
0.677793
0.138402
0.222417
0.869081
0.479954
0.729411
0.329242
0.582637
0.171604
0.019764
0.098566
0.788083
0.918918
0.360391
0.881026
0.286178
0.762045
0.075768
0.045628
0.719773
0.458760
0.181750
0.749383
0.900271
0.173345
0.491518
0.461318
0.292168
0.638001
0.088207
0.376608
0.711408
0.106484
0.551337
0.633435
0.042012
0.128315
0.348681
0.280262
0.384498
0.780118
0.499427
0.089796
0.424381
0.360067
0.190113
0.559039
0.560853
0.365031
0.875808
0.634406
0.929510
0.404375
0.272237
0.094732
0.622867
0.560532
0.013392
0.995691
0.420198
0.430305
0.735528
0.653514
0.817078
0.474328
0.601566
0.571645
0.416732
0.053199
0.802880
0.817197
0.039779
0.115614
0.266806
0.054764
0.499771
0.772673
0.838428
0.610062
0.514937
0.896394
0.522765
0.131340
0.844886
0.708722
0.843529
0.498739
0.140293
0.404239
0.981177
0.781884
0.354295
0.902211
0.515339
0.997918
0.102231
0.204479
0.283044
0.314082
0.791510
0.430086
0.872379
0.364905
0.162815
0.850476
0.353092
0.650099
0.654992
0.480057
0.883048
0.606966
0.530849
0.481659
0.148124
0.656645
0.929497
0.474718
0.085634
0.586408
0.226881
0.796793
0.255027
0.303458
0.828782
0.126898
0.913646
0.478847
0.464757
0.705233
0.997769
0.211329
0.423041
0.348656
0.953988
0.974021
0.972352
0.363133
0.514411
0.866749
0.777110
0.831951
0.766761
0.595603
0.844994
0.881989
0.961625
0.709741
0.055465
0.447495
0.025294
0.727506
0.572210
0.685356
0.415411
0.394229
0.518382
0.930234
0.052194
0.074530
0.182529
0.544584
0.273647
0.537762
0.468199
0.227791
0.737796
0.184324
0.762016
0.331369
0.952721
0.639289
0.018332
0.655348
0.643275
0.109200
0.759384
0.771499
0.149105
0.843985
0.126878
0.893618
0.222097
0.490644
0.055597
0.053035
0.899964
0.280719
0.650994
0.592579
0.818848
0.980376
0.399924
0.925202
0.169214
0.059010
0.587917
0.282662
0.898831
0.402537
0.909685
0.590857
0.122788
0.404104
0.797375
0.042319
0.846883
0.244766
0.624834
0.109126
0.811426
0.175794
0.660607
0.441549
0.111932
0.816060
0.827309
0.743479
0.368681
0.086764
0.186991
0.713574
0.751361
0.352073
0.338264
0.210945
0.610104
0.666885
0.909345
0.542866
0.744104
0.814163
0.298686
0.522176
0.412443
0.655733
0.137349
0.773105
0.856717
0.359444
0.201709
0.142218
0.686378
0.389987
0.022626
0.676251
0.010872
0.187801
0.984161
0.698806
0.482030
0.169357
0.436133
0.273506
0.392095
0.729946
0.006292
0.787271
0.122148
0.194610
0.067744
0.288757
0.618534
0.809857
0.251521
0.351412
0.181441
0.913380
0.051931
0.199987
0.110934
0.396056
0.525313
0.307522
0.227071
0.357626
0.521341
0.623428
0.071069
0.657963
0.465046
0.091666
0.562064
0.910515
0.761301
0.310794
0.619913
0.763528
0.742230
0.550672
0.412133
0.595615
0.615990
0.063761
0.901677
0.977196
0.800912
0.478467
0.121249
0.045588
0.968016
0.862068
0.910443
0.988590
0.712907
0.576865
0.930142
0.078309
0.339204
0.345991
0.201748
0.096570
0.643152
0.043681
0.134249
0.514667
0.847109
0.470001
0.032930
0.669374
0.119963
0.911086
0.885476
0.267579
0.196016
0.923092
0.168719
0.189674
0.350976
0.083860
0.385698
0.821347
0.190243
0.582234
0.976820
0.226770
0.471174
0.353740
0.959012
0.811620
0.217285
0.861333
0.704748
0.822421
0.245064
0.967411
0.322317
0.824299
0.006392
0.515689
0.874366
0.569243
0.058323
0.697493
0.411617
0.451088
0.697453
0.379492
0.346493
0.244301
0.350104
0.127872
0.411574
0.741909
0.972955
0.995547
0.685464
0.020808
0.930137
0.191792
0.628643
0.509415
0.304892
0.335452
0.321846
0.303016
0.583138
0.665885
0.641877
0.961389
0.523541
0.224203
0.215056
0.706205
0.737748
0.739036
0.934145
0.470973
0.630074
0.143709
0.438783
0.638580
0.729820
0.507012
0.416757
0.626353
0.677491
0.367928
0.451442
0.637406
0.925799
0.924740
0.811234
0.710322
0.615747
0.788308
0.619870
0.491345
0.043658
0.631454
0.077995
0.760284
0.952378
0.407492
0.803774
0.535156
0.005890
0.630098
0.484704
0.893973
0.321470
0.036178
0.140437
0.266204
0.829845
0.386097
0.463826
0.865434
0.272606
0.442395
0.250296
0.069857
0.825947
0.638204
0.613351
0.072283
0.526131
0.707801
0.039765
0.488313
0.491035
0.130783
0.655562
0.365239
0.100946
0.876370
0.230973
0.250262
0.978819
0.618674
0.489986
0.230624
0.362134
0.437957
0.991253
0.087259
0.232023
0.675398
0.846645
0.520578
0.135437
0.209427
0.114909
0.587418
0.208029
0.517526
0.527274
0.840453
0.235863
0.860282
0.118358
0.892282
0.363050
0.535121
0.879508
0.164487
0.113138
0.537375
0.298245
0.238458
0.261600
0.315049
0.592366
0.140947
0.447775
0.576674
0.068785
0.494375
0.844902
0.703287
0.662541
0.289696
0.972459
0.639505
0.490462
0.757967
0.587344
0.661029
0.516088
0.755607
0.004096
0.806507
0.587373
0.152617
0.367019
0.304241
0.897285
0.189238
0.423204
0.836120
0.734255
0.276362
0.341913
0.363732
0.554761
0.356221
0.178644
0.478465
0.809782
0.729615
0.280589
0.715119
0.559017
0.817654
0.898477
0.600801
0.299459
0.936764
0.131324
0.244107
0.742707
0.164779
0.927069
0.544508
0.682006
0.363643
0.029330
0.442259
0.873553
0.705842
0.900458
0.565318
0.971848
0.899822
0.048114
0.342841
0.586092
0.304247
0.251633
0.927913
0.258885
0.689898
0.564980
0.288862
0.628932
0.556533
0.810467
0.517303
0.219103
0.201402
0.883570
0.176992
0.222259
0.686012
0.739373
0.747603
0.131560
0.915167
0.707411
0.479766
0.297613
0.249858
0.666211
0.934143
0.654029
0.206162
0.020115
0.791168
0.944008
0.417866
0.580282
0.538645
0.323916
0.552328
0.154878
0.643344
0.560217
0.892012
0.689854
0.464652
0.806326
0.852827
0.651932
0.806979
0.828304
0.205328
0.242560
0.316163
0.317944
0.073155
0.258245
0.903541
0.028332
0.096839
0.333823
0.723844
0.408162
0.957660
0.951922
0.459992
0.969038
0.641633
0.380442
0.000335
0.916095
0.033151
0.846392
0.380986
0.438575
0.787678
0.719248
0.046330
0.923515
0.992309
0.619888
0.291356
0.097252
0.196446
0.964295
0.201562
0.580976
0.374337
0.466859
0.621127
0.892969
0.754523
0.704310
0.846163
0.100356
0.360176
0.823727
0.058008
0.087497
0.095403
0.043033
0.899199
0.654474
0.047064
0.122891
0.045385
0.146549
0.501703
0.498785
0.196048
0.003919
0.075514
0.252805
0.748095
0.537166
0.095624
0.802689
0.245301
0.674253
0.790181
0.949687
0.244984
0.374093
0.952487
0.790032
0.763344
0.861243
0.761432
0.611602
0.371179
0.953436
0.775067
0.108353
0.389066
0.640509
0.337789
0.389268
0.936890
0.268725
0.935176
0.339796
0.770667
0.791430
0.104503
0.486542
0.024701
0.826874
0.550606
0.503397
0.816252
0.117670
0.092483
0.714542
0.080859
0.859282
0.850497
0.162869
0.764628
0.507575
0.689565
0.889976
0.486333
0.827850
0.283824
0.110803
0.532588
0.885955
0.112491
0.144580
0.237297
0.554806
0.769086
0.179951
0.443402
0.631566
0.337394
0.816781
0.291362
0.852905
0.500644
0.337466
0.702445
0.702919
0.678992
0.188720
0.131101
0.745240
0.662259
0.778852
0.065933
0.973149
0.123868
0.906583
0.634896
0.712804
0.390013
0.708486
0.709204
0.413119
0.879386
0.802115
0.663490
0.295484
0.459161
0.441357
0.946674
0.791408
0.764160
0.380328
0.526889
0.323560
0.407512
0.895581
0.490693
0.564425
0.009255
0.212489
0.072176
0.697335
0.758203
0.328546
0.837462
0.039349
0.190613
0.854419
0.818397
0.498962
0.724861
0.017170
0.651349
0.472806
0.291362
0.422001
0.390699
0.934301
0.733676
0.220242
0.493098
0.677642
0.977270
0.801886
0.228055
0.226562
0.281739
0.473062
0.995779
0.403315
0.473658
0.566044
0.968606
0.918729
0.431728
0.291606
0.266140
0.301042
0.637554
0.982422
0.048474
0.949400
0.682639
0.146152
0.634730
0.718684
0.710164
0.124765
0.201059
0.978840
0.142026
0.029423
0.694748
0.341434
0.413759
0.644428
0.113085
0.518566
0.768875
0.498053
0.660727
0.331525
0.331740
0.304912
0.113904
0.078726
0.289130
0.909355
0.646051
0.145580
0.224398
0.752648
0.728007
0.442682
0.409745
0.017802
0.710093
0.143050
0.255175
0.898240
0.026509
0.237555
0.638838
0.157062
0.683004
0.689881
0.360471
0.456984
0.653163
0.682499
0.574370
0.938778
0.023196
0.879529
0.812211
0.294823
0.629782
0.332428
0.849048
0.843495
0.372447
0.066518
0.448177
0.856749
0.635053
0.015077
0.955739
0.223321
0.957598
0.204726
0.643124
0.009434
0.229848
0.818264
0.171607
0.443607
0.084972
0.480784
0.319226
0.274735
0.962526
0.902450
0.245931
0.068048
0.340576
0.685096
0.192284
0.473984
0.775405
0.153263
0.780509
0.687962
0.290355
0.392339
0.935396
0.697740
0.141241
0.763719
0.183557
0.941462
0.391188
0.024792
0.893501
0.991785
0.267970
0.776660
0.539851
0.832082
0.267633
0.683507
0.242899
0.134668
0.073156
0.421137
0.565063
0.513814
0.215486
0.034215
0.048135
0.528943
0.213930
0.484955
0.808116
0.660715
0.421759
0.332260
0.781390
0.904404
0.142626
0.464069
0.025440
0.986780
0.427202
0.142169
0.207028
0.664625
0.721862
0.507668
0.193009
0.963524
0.493469
0.178475
0.756631
0.733320
0.383769
0.704861
0.564414
0.244856
0.561936
0.385486
0.721749
0.676270
0.512139
0.600782
0.206734
0.612916
0.153063
0.099275
0.717917
0.775721
0.259293
0.291103
0.096103
0.945566
0.032008
0.660167
0.201191
0.539505
0.540904
0.290366
0.512001
0.020558
0.580783
0.070602
0.841904
0.172463
0.828822
0.160431
0.388168
0.695669
0.710207
0.121192
0.452559
0.012801
0.549835
0.812256
0.405952
0.034722
0.833457
0.427999
0.328551
0.474054
0.275344
0.925043
0.436598
0.273937
0.333927
0.380462
0.084229
0.105285
0.677177
0.798417
0.707969
0.929525
0.435709
0.783386
0.956387
0.648711
0.970629
0.642673
0.217869
0.750128
0.989602
0.819396
0.063769
0.264297
0.016390
0.685602
0.601685
0.544995
0.121334
0.033772
0.071864
0.891198
0.693204
0.952523
0.034566
0.216772
0.959885
0.738470
0.091491
0.255551
0.490730
0.818818
0.256441
0.859736
0.658629
0.050413
0.944888
0.960168
0.138376
0.149789
0.492992
0.516698
0.158562
0.664895
0.673624
0.162276
0.696091
0.441794
0.734557
0.273355
0.321710
0.005299
0.563347
0.565810
0.225402
0.320233
0.865779
0.224054
0.728349
0.079057
0.380022
0.486762
0.196457
0.971896
0.060768
0.284276
0.022397
0.787822
0.813602
0.091052
0.938312
0.471722
0.877386
0.653699
0.849252
0.596858
0.957863
0.110237
0.395436
0.637536
0.062593
0.298923
0.396013
0.617337
0.215639
0.236048
0.523183
0.587090
0.972240
0.610481
0.957190
0.269304
0.478809
0.768394
0.333097
0.809323
0.339194
0.571340
0.636505
0.790705
0.377403
0.710974
0.492331
0.980065
0.654080
0.486892
0.137165
0.324533
0.023296
0.314116
0.874698
0.061317
0.599920
0.842300
0.341816
0.745237
0.067919
0.574174
0.579888
0.279061
0.705957
0.515264
0.766006
0.002487
0.642216
0.254416
0.550380
0.423865
0.867837
0.635239
0.711145
0.680082
0.864485
0.902149
0.117873
0.363400
0.192080
0.015356
0.647354
0.251049
0.976585
0.315828
0.589940
0.564824
0.838102
0.418966
0.892627
0.995274
0.159579
0.949341
0.573650
0.996537
0.205310
0.523515
0.416420
0.614275
0.626298
0.547706
0.409361
0.550944
0.053779
0.287713
0.454398
0.932202
0.178810
0.630829
0.666226
0.562407
0.563864
0.027486
0.069283
0.759086
0.326991
0.810275
0.166661
0.297527
0.593861
0.358519
0.554764
0.231276
0.471698
0.092176
0.487665
0.784662
0.094856
0.759119
0.898461
0.749401
0.402317
0.452410
0.394997
0.553200
0.249933
0.718331
0.091701
0.617936
0.487999
0.650741
0.081810
0.117474
0.835029
0.370130
0.407059
0.929735
0.526240
0.051780
0.852047
0.718415
0.377222
0.265754
0.716431
0.436251
0.636934
0.027763
0.165804
0.905122
0.005763
0.676637
0.737515
0.873181
0.903588
0.907708
0.591511
0.257865
0.849971
0.709555
0.191586
0.160466
0.657670
0.010308
0.554159
0.978540
0.054483
0.192133
0.107172
0.612392
0.786819
0.369697
0.042662
0.057492
0.959338
0.509700
0.319095
0.259188
0.055989
0.388137
0.545226
0.776156
0.675477
0.647190
0.908829
0.186469
0.282411
0.211171
0.687446
0.139513
0.095454
0.754602
0.668945
0.374738
0.174762
0.735659
0.303897
0.280491
0.107568
0.042557
0.503632
0.734264
0.517259
0.151585
0.914123
0.395610
0.499879
0.097405
0.298315
0.140074
0.431617
0.879931
0.799995
0.731822
0.592654
0.090694
0.865081
0.774053
0.861573
0.783259
0.764916
0.562963
0.148796
0.649679
0.870812
0.254160
0.206982
0.651630
0.804212
0.604083
0.476428
0.272682
0.229334
0.056707
0.985481
0.948508
0.073902
0.427290
0.589834
0.092738
0.459489
0.746095
0.488852
0.991637
0.146554
0.160485
0.718897
0.194416
0.021497
0.543266
0.054263
0.732950
0.745641
0.364033
0.703287
0.925657
0.805660
0.523786
0.977488
0.078940
0.945793
0.342160
0.796378
0.465347
0.430394
0.891570
0.247566
0.429094
0.920305
0.964636
0.641940
0.270343
0.789695
0.213696
0.470725
0.455019
0.324521
0.822013
0.899229
0.729390
0.106468
0.625372
0.444361
0.500451
0.545550
0.483404
0.416621
0.808961
0.570489
0.740214
0.987288
0.958853
0.981800
0.506793
0.723738
0.613388
0.797705
0.283617
0.028208
0.975242
0.517804
0.658722
0.958871
0.298748
0.773668
0.693246
0.090654
0.350310
0.618867
0.440266
0.820362
0.648170
0.815389
0.283397
0.850773
0.123798
0.405430
0.792074
0.868971
0.343794
0.493404
0.663287
0.461762
0.474190
0.315653
0.161975
0.667994
0.795065
0.900230
0.666692
0.157143
0.628271
0.375890
0.632395
0.506305
0.563166
0.767553
0.721545
0.810598
0.253291
0.290574
0.767286
0.725770
0.951899
0.730125
0.441828
0.252339
0.057412
0.212916
0.849868
0.337843
0.431765
0.625097
0.418777
0.828025
0.285752
0.963736
0.807082
0.148736
0.730012
0.089358
0.568762
0.688359
0.567590
0.466321
0.492850
0.901605
0.913287
0.712188
0.337529
0.122336
0.987061
0.219267
0.884438
0.829467
0.205762
0.608733
0.550039
0.342849
0.387124
0.962781
0.229813
0.930906
0.687814
0.584296
0.510105
0.721702
0.957555
0.950823
0.774555
0.240255
0.008295
0.416811
0.185571
0.776026
0.184229
0.585000
0.185516
0.456942
0.769290
0.542609
0.338502
0.808141
0.509722
0.997469
0.988366
0.238708
0.191733
0.738619
0.672771
0.894099
0.018764
0.925579
0.304079
0.678427
0.412637
0.623296
0.317440
0.756710
0.353725
0.043594
0.517180
0.331369
0.396443
0.626598
0.704680
0.261474
0.906723
0.590761
0.136117
0.074891
0.390093
0.163710
0.053463
0.033497
0.846690
0.324356
0.630823
0.941647
0.840622
0.294156
0.891728
0.942044
0.837942
0.114871
0.531724
0.871805
0.713190
0.395333
0.256220
0.688113
0.803581
0.592279
0.172829
0.782636
0.947672
0.773665
0.245289
0.303076
0.580608
0.139799
0.390463
0.347957
0.943189
0.064936
0.442324
0.844867
0.933039
0.777120
0.635792
0.747964
0.332002
0.721322
0.230060
0.733107
0.646439
0.326344
0.187265
0.869636
0.333982
0.375097
0.771493
0.620701
0.807511
0.484294
0.677342
0.030356
0.308085
0.934108
0.385514
0.327294
0.615727
0.647382
0.839613
0.702198
0.324036
0.100195
0.069219
0.243893
0.656787
0.148780
0.982166
0.050388
0.760653
0.298130
0.720058
0.083183
0.005249
0.521208
0.321408
0.570601
0.511819
0.483455
0.145687
0.205752
0.422521
0.033211
0.299076
0.347631
0.964945
0.428287
0.668977
0.212304
0.650349
0.253407
0.546925
0.229366
0.814074
0.997678
0.595300
0.763649
0.236920
0.476488
0.307059
0.892097
0.728349
0.376958
0.649389
0.535885
0.874382
0.082205
0.114413
0.503376
0.562691
0.739277
0.498530
0.956537
0.674211
0.223113
0.781925
0.490878
0.356877
0.807935
0.209015
0.125257
0.130039
0.478452
0.233546
0.148326
0.496792
0.618333
0.130558
0.174421
0.924807
0.792735
0.740222
0.693876
0.923201
0.397324
0.573033
0.743373
0.901378
0.424412
0.791572
0.336076
0.744800
0.215298
0.623421
0.273692
0.193022
0.111022
0.409658
0.127589
0.009576
0.966370
0.451461
0.420532
0.249450
0.080324
0.351959
0.356524
0.075284
0.865764
0.913153
0.932949
0.681419
0.422256
0.606374
0.084818
0.704627
0.778821
0.421190
0.231140
0.022429
0.341900
0.675347
0.365438
0.976333
0.098656
0.747321
0.646214
0.806261
0.573155
0.106879
0.365203
0.932977
0.771649
0.036405
0.362904
0.411464
0.720480
0.824081
0.270207
0.187915
0.579905
0.029402
0.568883
0.216632
0.035247
0.502204
0.498923
0.729640
0.839272
0.897955
0.690210
0.491032
0.444573
0.404781
0.300512
0.835473
0.031826
0.410396
0.810464
0.358714
0.872009
0.096428
0.855071
0.072971
0.020336
0.106427
0.630401
0.707181
0.033386
0.386889
0.056993
0.901900
0.113931
0.737277
0.928778
0.710467
0.323745
0.991437
0.718457
0.603378
0.373111
0.188740
0.857889
0.696107
0.008517
0.500524
0.710928
0.352158
0.309639
0.281178
0.498716
0.760839
0.464046
0.399099
0.779572
0.281608
0.495327
0.731570
0.625440
0.023307
0.788967
0.131174
0.940342
0.334357
0.469775
0.358027
0.785532
0.188283
0.785272
0.099300
0.851733
0.636616
0.072488
0.387796
0.009782
0.338159
0.493081
0.424919
0.143607
0.281334
0.864807
0.062848
0.573514
0.430850
0.114939
0.748415
0.397853
0.767431
0.513493
0.650332
0.118441
0.051981
0.771002
0.105277
0.353850
0.197960
0.159759
0.128047
0.203055
0.931230
0.415860
0.765033
0.269933
0.490743
0.303455
0.553055
0.472027
0.378971
0.850039
0.055058
0.899458
0.970716
0.986522
0.432569
0.475129
0.393105
0.494642
0.746043
0.320281
0.002818
0.083966
0.940876
0.431376
0.589474
0.544858
0.424169
0.983982
0.117792
0.550991
0.397337
0.787022
0.020897
0.534631
0.185131
0.422757
0.836388
0.519987
0.776152
0.636928
0.682583
0.990885
0.005452
0.379019
0.551864
0.717272
0.096516
0.654837
0.800781
0.323645
0.513526
0.638883
0.091419
0.396474
0.827656
0.216875
0.621940
0.120252
0.093927
0.077911
0.876902
0.277270
0.551214
0.691697
0.430758
0.098057
0.190454
0.888149
0.850607
0.564466
0.608076
0.535931
0.726011
0.844046
0.198850
0.563520
0.970541
0.618967
0.019831
0.215575
0.544835
0.940742
0.761819
0.298580
0.879976
0.385867
0.051992
0.362996
0.087126
0.615118
0.816767
0.887372
0.197070
0.726511
0.921900
0.571734
0.668671
0.769053
0.537685
0.967161
0.544410
0.405948
0.763985
0.494775
0.774653
0.820912
0.782305
0.349829
0.511795
0.528027
0.404093
0.002038
0.338296
0.563723
0.248523
0.849751
0.909911
0.098728
0.891318
0.221418
0.836720
0.430879
0.011412
0.702703
0.528198
0.795150
0.910449
0.629594
0.033059
0.544691
0.402383
0.801891
0.522472
0.800938
0.887949
0.338462
0.990986
0.771766
0.001726
0.400783
0.373760
0.959631
0.430229
0.109766
0.037115
0.567477
0.771814
0.461724
0.325739
0.912719
0.350514
0.254805
0.387232
0.876522
0.267845
0.874902
0.310883
0.668825
0.256006
0.608591
0.993568
0.298825
0.364531
0.458229
0.331211
0.253833
0.360859
0.022884
0.813402
0.718191
0.399987
0.099107
0.564641
0.372274
0.933928
0.222386
0.489137
0.313817
0.801193
0.572262
0.235087
0.277799
0.655007
0.018892
0.874486
0.002313
0.529246
0.738809
0.589030
0.606030
0.211350
0.145244
0.708571
0.111939
0.622283
0.323577
0.723090
0.934975
0.374672
0.068888
0.876999
0.243620
0.012984
0.871453
0.976650
0.924366
0.756288
0.341221
0.344920
0.067560
0.979835
0.262193
0.463903
0.007566
0.793258
0.525365
0.766283
0.468754
0.141423
0.648556
0.159776
0.648146
0.879293
0.263481
0.166185
0.663947
0.439303
0.205894
0.352010
0.961556
0.814539
0.795881
0.208760
0.884603
0.655644
0.186032
0.140093
0.407529
0.483686
0.457725
0.312556
0.870897
0.338758
0.698727
0.650939
0.249673
0.558570
0.263778
0.819730
0.936169
0.263446
0.954661
0.400188
0.655434
0.998471
0.801235
0.053590
0.492467
0.656947
0.521702
0.714679
0.824618
0.145963
0.033049
0.092358
0.140002
0.786132
0.242958
0.621020
0.012103
0.343358
0.063893
0.965150
0.825295
0.529263
0.840526
0.627103
0.530733
0.818674
0.487802
0.462662
0.983288
0.941988
0.521287
0.482675
0.231071
0.877511
0.091976
0.622830
0.589702
0.687429
0.571735
0.003145
0.789847
0.740407
0.947036
0.470343
0.706409
0.980714
0.707974
0.871379
0.257724
0.892192
0.587863
0.826433
0.323397
0.366793
0.897785
0.524680
0.386032
0.146377
0.833235
0.878213
0.770868
0.784310
0.942789
0.077987
0.406189
0.496971
0.823081
0.380291
0.862039
0.487941
0.941837
0.015814
0.102551
0.124431
0.313425
0.713070
0.821236
0.293599
0.948696
0.484630
0.218018
0.575242
0.302725
0.910053
0.301030
0.118134
0.549273
0.327379
0.418041
0.098150
0.455713
0.410273
0.611797
0.911971
0.422510
0.610261
0.558014
0.431122
0.884766
0.900342
0.165724
0.093801
0.361431
0.883065
0.140900
0.807494
0.566385
0.303625
0.395903
0.705351
0.934902
0.468394
0.655313
0.630348
0.092443
0.000856
0.427916
0.743779
0.819174
0.417148
0.238778
0.959839
0.160547
0.134641
0.407983
0.066721
0.968254
0.526625
0.311177
0.951910
0.898812
0.577727
0.487458
0.247515
0.702237
0.596873
0.077619
0.366206
0.750392
0.937492
0.636695
0.261271
0.293894
0.640671
0.367886
0.780601
0.961244
0.176284
0.482832
0.271517
0.571349
0.041117
0.116682
0.857171
0.714508
0.073805
0.018552
0.884755
0.949532
0.797454
0.465916
0.647814
0.640376
0.561358
0.267499
0.371402
0.870156
0.262199
0.922228
0.031302
0.724227
0.835237
0.647671
0.088375
0.763985
0.223793
0.837130
0.987176
0.133675
0.498897
0.726115
0.765850
0.568461
0.895353
0.425788
0.018962
0.358813
0.930850
0.601666
0.197262
0.343731
0.783401
0.811900
0.008875
0.731686
0.581218
0.894455
0.130508
0.835660
0.147483
0.538578
0.813960
0.625397
0.309291
0.073233
0.725473
0.075654
0.713078
0.437023
0.878312
0.768157
0.081240
0.655547
0.068572
0.327285
0.332066
0.060613
0.891473
0.604899
0.160769
0.336002
0.037513
0.425813
0.860545
0.360551
0.321940
0.627387
0.051322
0.338432
0.536859
0.126906
0.691042
0.549898
0.345414
0.487936
0.936598
0.664015
0.345417
0.704748
0.783880
0.613710
0.890364
0.624061
0.887070
0.432019
0.354695
0.631868
0.546825
0.721679
0.547847
0.057205
0.387280
0.806086
0.404606
0.088981
0.782498
0.010949
0.996875
0.790958
0.750434
0.665351
0.186882
0.437398
0.146760
0.912323
0.080689
0.928395
0.231386
0.659130
0.781636
0.500838
0.856123
0.188038
0.538220
0.030078
0.359154
0.954645
0.296917
0.458288
0.400984
0.179669
0.257266
0.538574
0.889323
0.801654
0.908481
0.891950
0.050397
0.184396
0.526286
0.940874
0.493717
0.773684
0.368209
0.650040
0.416684
0.337198
0.770149
0.099749
0.834495
0.897818
0.211633
0.229150
0.935079
0.223861
0.448646
0.137428
0.992207
0.569671
0.398961
0.841567
0.115021
0.921678
0.507374
0.854006
0.350682
0.292137
0.111750
0.300139
0.965517
0.409379
0.875678
0.793732
0.440160
0.833573
0.938445
0.475268
0.441524
0.406213
0.375212
0.098581
0.363238
0.254548
0.421355
0.807701
0.721441
0.545304
0.181202
0.258782
0.294768
0.597300
0.400392
0.236990
0.294016
0.927866
0.420266
0.456200
0.640167
0.256396
0.627802
0.504896
0.161845
0.546099
0.554343
0.491491
0.617112
0.465678
0.755684
0.736160
0.107941
0.502703
0.099071
0.855448
0.942972
0.349610
0.118545
0.975999
0.607718
0.364761
0.459374
0.433506
0.949233
0.585667
0.301584
0.659263
0.674803
0.111865
0.715014
0.486061
0.969876
0.799029
0.916342
0.390796
0.012042
0.705106
0.053820
0.448618
0.115951
0.151398
0.685232
0.357502
0.151444
0.626247
0.451567
0.735718
0.846077
0.820641
0.282134
0.428094
0.806804
0.371674
0.567988
0.419508
0.694877
0.800604
0.700683
0.791695
0.996495
0.752628
0.345546
0.072820
0.231447
0.157004
0.419865
0.442669
0.923903
0.602104
0.134782
0.713642
0.771049
0.870371
0.318305
0.109018
0.958444
0.260558
0.403950
0.886489
0.547670
0.342836
0.368779
0.118431
0.280768
0.515466
0.958957
0.022733
0.815385
0.877812
0.554456
0.376106
0.007749
0.292937
0.465863
0.302680
0.519655
0.358249
0.775512
0.704904
0.234781
0.105379
0.798060
0.751528
0.707749
0.714204
0.226125
0.770900
0.859100
0.321194
0.709546
0.837759
0.489201
0.987294
0.053126
0.966317
0.008367
0.560877
0.868236
0.511151
0.150289
0.514634
0.269739
0.106112
0.386672
0.404770
0.806770
0.893331
0.619602
0.127927
0.033646
0.283135
0.936297
0.519459
0.293047
0.613560
0.579413
0.081411
0.085470
0.429443
0.758865
0.976878
0.977804
0.470664
0.166402
0.350675
0.374796
0.020343
0.603187
0.385767
0.561874
0.427563
0.945886
0.547258
0.147585
0.300655
0.329679
0.553167
0.460508
0.208827
0.572560
0.091342
0.472910
0.640994
0.729282
0.839553
0.295953
0.283276
0.962189
0.976640
0.883591
0.352292
0.101928
0.849415
0.639112
0.698031
0.653416
0.258427
0.542398
0.813934
0.627270
0.560585
0.183280
0.516442
0.629327
0.094580
0.621355
0.193485
0.152036
0.854674
0.192145
0.832758
0.832585
0.577581
0.312839
0.272147
0.688130
0.764624
0.836129
0.609776
0.420040
0.418812
0.759459
0.650363
0.736698
0.027973
0.490633
0.722677
0.624617
0.909527
0.387292
0.936331
0.136828
0.417893
0.065235
0.534981
0.713689
0.727844
0.615063
0.151717
0.037337
0.735384
0.278772
0.399365
0.359849
0.831036
0.435368
0.822885
0.305614
0.099133
0.379849
0.334926
0.982519
0.532864
0.705603
0.103958
0.280711
0.491073
0.324684
0.563850
0.083360
0.200719
0.161769
0.083359
0.214565
0.103079
0.418323
0.170710
0.589761
0.395222
0.237353
0.687540
0.635040
0.532073
0.395899
0.585910
0.310879
0.754027
0.911789
0.425992
0.748436
0.488813
0.914927
0.293070
0.790110
0.905597
0.002051
0.031506
0.835597
0.478559
0.959653
0.289425
0.194002
0.748888
0.706051
0.211104
0.578806
0.950501
0.715538
0.014729
0.252191
0.249857
0.563675
0.343571
0.891957
0.805414
0.682086
0.384353
0.175310
0.547063
0.320741
0.683825
0.241721
0.435946
0.748738
0.430350
0.106245
0.003851
0.088478
0.008476
0.476949
0.889993
0.066405
0.676311
0.332493
0.540901
0.175685
0.937090
0.266473
0.505457
0.799857
0.379817
0.804554
0.567266
0.125615
0.786198
0.853444
0.697365
0.174193
0.035745
0.025070
0.394788
0.028083
0.530925
0.801752
0.815020
0.604018
0.329778
0.905531
0.495042
0.005546
0.654616
0.828493
0.683991
0.862771
0.820655
0.883776
0.556793
0.078418
0.528434
0.773682
0.847662
0.851464
0.417172
0.812399
0.984165
0.639625
0.731097
0.468370
0.007692
0.842586
0.287984
0.282032
0.510580
0.915724
0.797483
0.447783
0.014178
0.393498
0.154263
0.427468
0.942670
0.734672
0.850742
0.231393
0.338125
0.422184
0.954864
0.954400
0.870546
0.049920
0.866308
0.658833
0.081561
0.531257
0.527107
0.524081
0.196764
0.978121
0.385613
0.358752
0.268364
0.010101
0.183450
0.062153
0.870942
0.656599
0.302259
0.867721
0.039731
0.067135
0.448423
0.626794
0.477574
0.837272
0.660858
0.299789
0.480312
0.066222
0.875966
0.036231
0.550696
0.650905
0.114542
0.552649
0.130011
0.401063
0.064251
0.435741
0.554162
0.975317
0.597957
0.100522
0.105667
0.699330
0.153872
0.550393
0.197264
0.351671
0.460939
0.805982
0.354168
0.472143
0.602465
0.886180
0.798218
0.349055
0.124597
0.734594
0.421055
0.422255
0.955661
0.699001
0.286910
0.016323
0.785388
0.735950
0.665472
0.274861
0.676663
0.730688
0.646007
0.747317
0.189077
0.705847
0.280746
0.172307
0.184709
0.210840
0.170967
0.779425
0.893721
0.079051
0.413040
0.212360
0.338208
0.088715
0.684296
0.203940
0.623532
0.836430
0.500556
0.400003
0.540418
0.421282
0.298925
0.232676
0.267583
0.614238
0.458417
0.886868
0.900884
0.862426
0.274207
0.608975
0.633482
0.695867
0.038180
0.744523
0.914025
0.020739
0.725127
0.060155
0.372253
0.763560
0.306307
0.137006
0.314321
0.139274
0.632231
0.612484
0.332480
0.102355
0.480672
0.901089
0.165384
0.469138
0.168777
0.268946
0.460898
0.807079
0.094749
0.123780
0.507787
0.974401
0.030174
0.869354
0.687409
0.855486
0.167561
0.789503
0.067435
0.178572
0.821393
0.589774
0.338628
0.463505
0.220420
0.442148
0.835227
0.568789
0.044767
0.212022
0.673779
0.404703
0.295487
0.124950
0.061842
0.784437
0.436041
0.019702
0.109957
0.570819
0.117491
0.633913
0.490508
0.517130
0.435939
0.533209
0.966814
0.541584
0.848510
0.096876
0.323665
0.467344
0.465157
0.615148
0.274150
0.062796
0.184001
0.925357
0.638999
0.458499
0.362015
0.007147
0.485358
0.967569
0.746705
0.913005
0.851354
0.615702
0.942411
0.690988
0.429304
0.901949
0.221267
0.210957
0.954948
0.584160
0.659382
0.809635
0.052532
0.695853
0.645914
0.567975
0.409884
0.547734
0.818531
0.884106
0.232044
0.077280
0.464271
0.646902
0.911677
0.181606
0.617022
0.286960
0.827732
0.790866
0.190037
0.948843
0.308968
0.374640
0.940917
0.613688
0.867936
0.803773
0.817310
0.894849
0.839273
0.533162
0.257082
0.864569
0.232967
0.614320
0.943535
0.384575
0.187474
0.361822
0.096240
0.959918
0.681477
0.790207
0.260818
0.930033
0.608418
0.273029
0.981748
0.749942
0.894571
0.579246
0.546096
0.239427
0.708883
0.353304
0.123512
0.089869
0.699069
0.053999
0.988388
0.896731
0.845247
0.332642
0.612276
0.618093
0.204050
0.120334
0.142894
0.243966
0.115308
0.799450
0.019512
0.662223
0.704606
0.678868
0.026133
0.198312
0.383370
0.728495
0.265032
0.179028
0.841015
0.924574
0.439567
0.024417
0.696522
0.080480
0.191149
0.941755
0.823515
0.413655
0.808484
0.556624
0.545618
0.430729
0.179838
0.850699
0.126690
0.300901
0.097353
0.982415
0.525915
0.747196
0.697525
0.696193
0.344587
0.659982
0.815775
0.453389
0.399828
0.746943
0.881378
0.577528
0.020689
0.562426
0.438861
0.596296
0.279981
0.311369
0.357812
0.934217
0.457224
0.311083
0.533604
0.134660
0.685961
0.669876
0.956354
0.209595
0.376474
0.156450
0.052115
0.177434
0.485726
0.875012
0.511720
0.522783
0.956378
0.644051
0.115886
0.473188
0.843831
0.659890
0.028099
0.413068
0.198537
0.595724
0.683315
0.205963
0.235618
0.612474
0.633741
0.542959
0.838266
0.011631
0.893755
0.932782
0.905569
0.364014
0.415340
0.778617
0.330256
0.849687
0.494334
0.529450
0.437435
0.815063
0.068359
0.844141
0.649763
0.127330
0.115921
0.247764
0.156155
0.193500
0.939995
0.449879
0.951003
0.500062
0.015257
0.066314
0.596914
0.804371
0.863055
0.122927
0.638604
0.783251
0.828262
0.575551
0.247269
0.640105
0.800944
0.201258
0.120177
0.812976
0.632383
0.380307
0.829950
0.586988
0.885053
0.881382
0.129414
0.063108
0.425622
0.960253
0.040400
0.857069
0.842687
0.604335
0.119974
0.106863
0.147641
0.538997
0.686033
0.466027
0.748319
0.108060
0.457683
0.580003
0.599073
0.036566
0.390790
0.174964
0.720824
0.814643
0.264558
0.242897
0.755677
0.348625
0.125612
0.328495
0.746146
0.894211
0.560361
0.707059
0.452283
0.489672
0.220242
0.337965
0.387966
0.803811
0.852753
0.619394
0.302487
0.350879
0.753008
0.813751
0.857837
0.554755
0.099771
0.799863
0.705928
0.847823
0.565477
0.095130
0.435188
0.921450
0.295682
0.164904
0.177944
0.646431
0.568931
0.817857
0.405743
0.583166
0.919481
0.092040
0.263676
0.292347
0.281687
0.730054
0.515919
0.033390
0.229996
0.835830
0.004020
0.481758
0.499997
0.708271
0.198153
0.992887
0.073856
0.681158
0.218972
0.623011
0.855124
0.101473
0.296781
0.148605
0.322974
0.644910
0.047379
0.317052
0.131790
0.818545
0.794838
0.195112
0.873713
0.268785
0.750510
0.886185
0.399263
0.972494
0.985699
0.943393
0.639707
0.887145
0.182790
0.953815
0.615983
0.149658
0.895038
0.601740
0.625412
0.809752
0.071343
0.230942
0.854219
0.827268
0.636198
0.020845
0.973104
0.247247
0.815446
0.967481
0.752248
0.426834
0.843036
0.691268
0.332334
0.495518
0.142983
0.404123
0.760735
0.797635
0.562638
0.013460
0.633795
0.968359
0.790615
0.549687
0.508545
0.805309
0.025598
0.611619
0.882758
0.253974
0.156108
0.898517
0.738022
0.684957
0.174184
0.063034
0.204964
0.119960
0.722392
0.038408
0.266270
0.923777
0.171311
0.752042
0.006227
0.839191
0.408326
0.254653
0.929255
0.698636
0.220611
0.386169
0.936536
0.925473
0.879051
0.373248
0.453899
0.761153
0.145768
0.662046
0.733938
0.556461
0.081286
0.619124
0.900891
0.444700
0.383880
0.989728
0.893983
0.194227
0.909102
0.001009
0.708458
0.880605
0.683009
0.735571
0.144788
0.399043
0.397448
0.339788
0.232821
0.009040
0.929374
0.772790
0.654990
0.890176
0.796878
0.916112
0.932523
0.869624
0.161888
0.234064
0.849274
0.360728
0.987837
0.307481
0.557819
0.592027
0.703959
0.078514
0.877916
0.851560
0.299020
0.370152
0.573891
0.705526
0.199081
0.626009
0.563428
0.000883
0.609241
0.683381
0.803945
0.236520
0.109054
0.710937
0.340398
0.307869
0.337927
0.489265
0.554203
0.299728
0.828964
0.857521
0.124960
0.732161
0.254777
0.798112
0.279594
0.254166
0.322897
0.019978
0.190758
0.001279
0.337418
0.920448
0.882952
0.702066
0.106392
0.824914
0.160323
0.939760
0.469017
0.281323
0.831005
0.613195
0.760166
0.639104
0.970336
0.653706
0.328402
0.171584
0.583388
0.595634
0.599572
0.676237
0.234155
0.596453
0.011251
0.905686
0.354601
0.014521
0.143475
0.714070
0.271640
0.401327
0.266900
0.161566
0.206613
0.854837
0.277450
0.796937
0.364510
0.560418
0.310736
0.203115
0.007746
0.856546
0.804994
0.753190
0.061928
0.242068
0.969269
0.665289
0.400804
0.286027
0.010661
0.694212
0.806004
0.561633
0.044768
0.159180
0.816532
0.743431
0.333102
0.672062
0.984858
0.261956
0.756460
0.847682
0.251466
0.743984
0.206028
0.372652
0.886833
0.226197
0.203306
0.170653
0.357394
0.995493
0.887371
0.607236
0.919989
0.390974
0.218936
0.826318
0.734555
0.890292
0.549024
0.147343
0.085925
0.508603
0.629408
0.701124
0.418172
0.213329
0.003617
0.718943
0.518569
0.234198
0.676169
0.811193
0.491714
0.282782
0.160186
0.642179
0.060899
0.612123
0.640836
0.395289
0.424873
0.993470
0.193853
0.883617
0.046591
0.596222
0.032568
0.995455
0.907148
0.411221
0.618610
0.864850
0.692109
0.109867
0.287694
0.386057
0.394690
0.367262
0.692492
0.994010
0.672433
0.644133
0.807139
0.505801
0.156923
0.460540
0.883880
0.636403
0.903004
0.007998
0.788714
0.403226
0.489459
0.374828
0.723682
0.610159
0.286214
0.761527
0.502007
0.094454
0.627731
0.167150
0.541875
0.197410
0.288924
0.468140
0.848980
0.603492
0.997559
0.209533
0.060021
0.640088
0.428040
0.032419
0.137881
0.879074
0.415625
0.369484
0.368158
0.515599
0.041583
0.203724
0.655154
0.520258
0.651441
0.597908
0.576872
0.753571
0.618801
0.110379
0.093029
0.001677
0.158892
0.847042
0.353928
0.445247
0.887997
0.833305
0.991169
0.866309
0.194519
0.712124
0.945927
0.160497
0.068904
0.880933
0.017065
0.937680
0.395037
0.961829
0.235645
0.719570
0.477890
0.148765
0.017765
0.216614
0.157467
0.080933
0.294930
0.524437
0.269026
0.513906
0.637527
0.037751
0.708691
0.846286
0.072833
0.758459
0.148708
0.289938
0.987369
0.013355
0.547686
0.896390
0.624343
0.891743
0.969205
0.308398
0.878644
0.036418
0.649924
0.831187
0.031299
0.964008
0.882146
0.631940
0.487928
0.839373
0.761947
0.467071
0.459642
0.664698
0.521086
0.049581
0.435613
0.720551
0.154187
0.930889
0.708998
0.357540
0.802345
0.436910
0.530672
0.734300
0.176487
0.389983
0.408254
0.561140
0.385829
0.683832
0.013586
0.549712
0.434974
0.231403
0.928959
0.035254
0.421552
0.326100
0.288035
0.644970
0.141571
0.573181
0.588925
0.747995
0.489389
0.864247
0.717317
0.190165
0.075931
0.146404
0.443924
0.145952
0.738657
0.120852
0.543116
0.895216
0.497442
0.429528
0.151581
0.811025
0.458440
0.736573
0.483392
0.603264
0.227234
0.506269
0.180132
0.311435
0.215093
0.403111
0.567574
0.035188
0.103554
0.184729
0.794573
0.584682
0.011151
0.985410
0.027033
0.120052
0.492453
0.155808
0.299940
0.122457
0.567464
0.932362
0.214185
0.315471
0.106581
0.048326
0.173777
0.808018
0.899594
0.954861
0.114251
0.585270
0.586545
0.492698
0.563358
0.927436
0.944147
0.435309
0.346245
0.123866
0.728771
0.249374
0.664483
0.998898
0.609435
0.491350
0.765691
0.397306
0.999048
0.034971
0.508144
0.380302
0.019924
0.098148
0.467731
0.066457
0.048335
0.487633
0.422542
0.572250
0.652702
0.981797
0.908528
0.078544
0.915483
0.174353
0.909674
0.165627
0.249761
0.942658
0.631776
0.867149
0.912099
0.250199
0.083986
0.089622
0.087090
0.637954
0.033568
0.106451
0.058687
0.145946
0.989054
0.355177
0.000014
0.758506
0.224766
0.743608
0.261794
0.391491
0.340824
0.000236
0.190352
0.008252
0.008431
0.735554
0.082435
0.440705
0.928471
0.936558
0.532429
0.942850
0.786257
0.115700
0.068270
0.176025
0.430594
0.988595
0.579117
0.979449
0.103302
0.796753
0.642648
0.603346
0.540993
0.539887
0.882540
0.765652
0.147964
0.617957
0.533484
0.569378
0.919285
0.822060
0.819528
0.505486
0.936947
0.371681
0.914479
0.093766
0.386269
0.151119
0.030117
0.131477
0.907565
0.225642
0.804128
0.564976
0.853993
0.628437
0.508510
0.545022
0.411371
0.549776
0.805417
0.473080
0.319773
0.252536
0.756802
0.827085
0.123306
0.540488
0.555814
0.044752
0.839513
0.190682
0.602583
0.096204
0.589934
0.880341
0.417237
0.561550
0.580855
0.892348
0.574721
0.456878
0.189506
0.748871
0.400833
0.805082
0.857000
0.923045
0.138335
0.369390
0.828814
0.968620
0.481400
0.199128
0.987449
0.427795
0.802962
0.605068
0.060528
0.427661
0.520811
0.806812
0.469062
0.827969
0.243101
0.458423
0.724087
0.713170
0.838385
0.539953
0.281818
0.556230
0.469228
0.404798
0.646741
0.481819
0.635727
0.056446
0.199934
0.022495
0.016660
0.385541
0.698084
0.500484
0.455734
0.562809
0.643275
0.518640
0.105766
0.149294
0.493688
0.161847
0.336912
0.209304
0.714315
0.846900
0.875856
0.369740
0.053800
0.816508
0.334557
0.045705
0.920623
0.256343
0.216017
0.036962
0.249345
0.421755
0.263440
0.738565
0.996609
0.419243
0.460534
0.081094
0.635544
0.960194
0.952196
0.317499
0.022757
0.797304
0.063052
0.187823
0.616118
0.830186
0.146279
0.872521
0.512679
0.063158
0.436028
0.561442
0.697899
0.816141
0.642093
0.099615
0.419503
0.644253
0.301558
0.925419
0.314674
0.685775
0.648070
0.510869
0.503072
0.051268
0.903351
0.036383
0.945322
0.996634
0.473339
0.140431
0.328619
0.329266
0.858490
0.566711
0.419868
0.881454
0.695387
0.774224
0.053552
0.998938
0.705398
0.043614
0.442772
0.443010
0.802604
0.374168
0.354313
0.204322
0.277663
0.893061
0.043590
0.117703
0.987952
0.224631
0.185918
0.419041
0.433756
0.842266
0.863010
0.024453
0.935606
0.602185
0.592904
0.225478
0.015739
0.112373
0.260424
0.203240
0.467955
0.952215
0.329500
0.528903
0.215282
0.627526
0.780620
0.371182
0.979693
0.129018
0.781998
0.878826
0.879243
0.101686
0.310144
0.671101
0.300764
0.751459
0.778821
0.490197
0.775040
0.752279
0.089818
0.065254
0.291894
0.595518
0.730722
0.744203
0.301681
0.671794
0.687794
0.148851
0.430655
0.484905
0.014676
0.379009
0.698475
0.734766
0.165214
0.113775
0.824359
0.104487
0.335583
0.678905
0.847814
0.158883
0.144317
0.903267
0.322485
0.298917
0.437024
0.194461
0.830335
0.989396
0.792149
0.593663
0.126908
0.568875
0.418114
0.631262
0.977657
0.207724
0.979736
0.162259
0.741167
0.912803
0.776130
0.524021
0.307038
0.204357
0.278231
0.568784
0.568040
0.307086
0.529791
0.955784
0.458823
0.597657
0.602765
0.704559
0.711073
0.942730
0.718441
0.080036
0.537683
0.689222
0.550970
0.784982
0.086864
0.540936
0.471813
0.544920
0.528658
0.476865
0.733401
0.765748
0.502010
0.263241
0.860367
0.967871
0.395810
0.552435
0.737666
0.195018
0.876912
0.695682
0.229988
0.978617
0.197096
0.489942
0.819973
0.198494
0.882329
0.993321
0.282675
0.250190
0.021401
0.788369
0.529452
0.243141
0.582501
0.922390
0.169147
0.354057
0.922797
0.215544
0.850596
0.222013
0.026608
0.527617
0.599584
0.572654
0.417528
0.561857
0.563261
0.358674
0.804194
0.341343
0.894834
0.433685
0.972506
0.699288
0.150228
0.152256
0.130226
0.874640
0.484115
0.637466
0.943148
0.550198
0.604357
0.594327
0.062633
0.926335
0.891244
0.149782
0.172695
0.122533
0.423298
0.994929
0.069036
0.662287
0.978297
0.995827
0.262706
0.867442
0.148704
0.379159
0.626974
0.838789
0.600931
0.801863
0.172977
0.286960
0.859054
0.914534
0.930027
0.102378
0.628241
0.470871
0.653460
0.566522
0.409429
0.489728
0.357811
0.223116
0.076358
0.520108
0.859194
0.778418
0.620402
0.938802
0.318951
0.870540
0.319486
0.756917
0.386374
0.026170
0.747476
0.835860
0.231296
0.660182
0.496386
0.684283
0.051713
0.647028
0.637661
0.222771
0.000390
0.597151
0.288835
0.925398
0.960415
0.584699
0.360235
0.822187
0.941540
0.456187
0.714282
0.440170
0.219085
0.551052
0.554443
0.240070
0.691544
0.066514
0.876911
0.576508
0.483286
0.902764
0.092743
0.690964
0.007385
0.348075
0.698037
0.292327
0.353073
0.970740
0.053837
0.643840
0.597041
0.175762
0.565613
0.300960
0.729561
0.157163
0.067217
0.107872
0.183329
0.482218
0.427987
0.339488
0.676905
0.077994
0.737484
0.489282
0.877468
0.694554
0.963676
0.069732
0.709784
0.503693
0.432030
0.760708
0.300993
0.737440
0.470393
0.323971
0.702707
0.153439
0.121677
0.509685
0.009088
0.742395
0.518003
0.888632
0.521135
0.532198
0.459982
0.351240
0.812232
0.674218
0.804291
0.486436
0.785747
0.960217
0.334288
0.146588
0.573616
0.386148
0.460732
0.403628
0.919582
0.631405
0.095375
0.769135
0.614745
0.111103
0.946889
0.199378
0.407081
0.069280
0.859620
0.805947
0.301704
0.025424
0.380352
0.387634
0.889353
0.516664
0.881043
0.974995
0.703126
0.274776
0.235449
0.442488
0.600824
0.948192
0.486958
0.650750
0.262070
0.445583
0.459381
0.230072
0.429789
0.276693
0.042477
0.142340
0.022848
0.555008
0.451202
0.093569
0.514906
0.609685
0.679112
0.930284
0.566908
0.183598
0.341299
0.525551
0.038563
0.848540
0.988031
0.922014
0.193088
0.075732
0.900757
0.602070
0.068514
0.746873
0.092376
0.888692
0.829754
0.371335
0.246182
0.985368
0.819926
0.446832
0.379704
0.467285
0.275362
0.864977
0.623275
0.056023
0.091172
0.877899
0.012736
0.142518
0.434893
0.400828
0.715898
0.079769
0.836333
0.852401
0.607288
0.919596
0.890833
0.342468
0.323071
0.015910
0.281753
0.483112
0.561918
0.115409
0.311116
0.738394
0.970317
0.386720
0.487574
0.570492
0.768873
0.053106
0.685412
0.453688
0.936475
0.249367
0.120349
0.136858
0.138811
0.293862
0.671218
0.012580
0.234580
0.948675
0.817939
0.077638
0.293559
0.061748
0.722807
0.390149
0.496188
0.347959
0.688503
0.517930
0.050390
0.843810
0.089743
0.566092
0.474299
0.652566
0.888137
0.453260
0.748309
0.541004
0.445512
0.112243
0.295533
0.678988
0.127216
0.864460
0.232448
0.602113
0.979866
0.569859
0.054497
0.668420
0.779449
0.747341
0.181201
0.281746
0.711172
0.165576
0.199679
0.595226
0.196224
0.672104
0.144887
0.676466
0.244407
0.392212
0.948300
0.927532
0.025702
0.046361
0.379692
0.867457
0.579613
0.738050
0.134599
0.852493
0.613407
0.382246
0.174902
0.839466
0.903651
0.483231
0.709260
0.871755
0.672099
0.307699
0.025579
0.946153
0.267310
0.095002
0.360090
0.712306
0.918209
0.453697
0.836530
0.647329
0.204036
0.451772
0.342862
0.924131
0.456146
0.067592
0.063537
0.003793
0.378802
0.641704
0.201219
0.201215
0.114521
0.366935
0.192670
0.797971
0.960718
0.265885
0.103080
0.489317
0.523144
0.311240
0.576529
0.524794
0.199918
0.937872
0.842750
0.155908
0.204918
0.173052
0.232105
0.280077
0.277780
0.911878
0.271123
0.068000
0.594724
0.486482
0.079032
0.352320
0.957836
0.959134
0.512137
0.911280
0.602272
0.444498
0.246517
0.196901
0.729368
0.321907
0.271655
0.389038
0.736996
0.519110
0.854374
0.809832
0.256085
0.266235
0.211273
0.199589
0.925906
0.354829
0.537958
0.905742
0.187474
0.061910
0.285367
0.064501
0.725588
0.810343
0.018041
0.974501
0.845397
0.512880
0.984584
0.001603
0.205609
0.878636
0.632581
0.675074
0.426062
0.111365
0.693745
0.816882
0.797801
0.449685
0.448751
0.574202
0.724122
0.532105
0.624542
0.243670
0.792843
0.262675
0.310831
0.151121
0.677472
0.219170
0.458624
0.273390
0.542215
0.918740
0.522543
0.239740
0.379164
0.959421
0.818130
0.538837
0.368392
0.158461
0.147133
0.259124
0.209419
0.343274
0.375258
0.192116
0.647108
0.291934
0.951643
0.083210
0.794103
0.101339
0.846290
0.946802
0.659674
0.698115
0.031612
0.299755
0.629534
0.907923
0.066133
0.525342
0.340773
0.911629
0.442556
0.246451
0.149223
0.919662
0.243838
0.271843
0.360371
0.650346
0.001185
0.194939
0.340122
0.557222
0.662560
0.369101
0.162083
0.852213
0.273409
0.344790
0.318461
0.798429
0.680081
0.771184
0.835292
0.620695
0.207903
0.423227
0.399251
0.518609
0.589299
0.319354
0.959197
0.506558
0.367616
0.505769
0.865405
0.193250
0.363667
0.715257
0.481595
0.614605
0.192744
0.861678
0.528170
0.040850
0.559276
0.653272
0.444803
0.305870
0.226398
0.118864
0.567565
0.545729
0.196916
0.004990
0.437823
0.483840
0.302363
0.705571
0.563294
0.095112
0.493639
0.413026
0.073767
0.358248
0.094816
0.527907
0.621922
0.788817
0.898862
0.596701
0.280740
0.303806
0.851703
0.614885
0.468135
0.584264
0.816727
0.289536
0.688411
0.657362
0.641028
0.925256
0.628298
0.551077
0.457353
0.326050
0.417105
0.445616
0.175395
0.787710
0.265796
0.029828
0.129912
0.836965
0.642147
0.513154
0.706821
0.822067
0.614006
0.048589
0.653159
0.135282
0.232835
0.204135
0.753633
0.070572
0.997225
0.473179
0.234790
0.537676
0.219326
0.809815
0.417753
0.573767
0.569612
0.788107
0.182848
0.979099
0.726383
0.211935
0.406910
0.323967
0.614102
0.732078
0.792120
0.582800
0.368949
0.103537
0.214425
0.644320
0.620739
0.156566
0.967177
0.764424
0.944952
0.608907
0.465600
0.742904
0.175471
0.321066
0.339996
0.015570
0.134783
0.104802
0.301989
0.317493
0.186654
0.501404
0.504488
0.987332
0.823562
0.787338
0.644344
0.436829
0.679625
0.377338
0.654432
0.574443
0.575975
0.195095
0.349828
0.551897
0.882931
0.649652
0.759072
0.143546
0.382126
0.727093
0.104265
0.284389
0.801573
0.494874
0.441519
0.591922
0.300755
0.431239
0.686705
0.814789
0.383445
0.148085
0.379509
0.976689
0.005601
0.278547
0.157853
0.447847
0.258608
0.988032
0.893800
0.552922
0.623793
0.341502
0.999907
0.272724
0.932584
0.053519
0.081376
0.837100
0.109135
0.128840
0.377699
0.262795
0.102970
0.427384
0.073685
0.177292
0.216982
0.809650
0.945158
0.645634
0.714996
0.857041
0.224991
0.322342
0.892842
0.196786
0.091323
0.174055
0.465032
0.237219
0.842443
0.182559
0.631979
0.260115
0.574121
0.556810
0.679971
0.940628
0.070657
0.978491
0.605545
0.038836
0.303715
0.070411
0.652479
0.379581
0.021415
0.109877
0.099056
0.884743
0.914845
0.499932
0.240186
0.532809
0.667482
0.560711
0.410993
0.232114
0.419931
0.320809
0.967534
0.653456
0.978276
0.396615
0.201422
0.090905
0.623057
0.414242
0.538907
0.182577
0.007932
0.106403
0.888041
0.631468
0.161100
0.139144
0.727996
0.866298
0.912234
0.858329
0.319852
0.429652
0.115099
0.370934
0.416233
0.624912
0.446825
0.760618
0.033217
0.794309
0.167058
0.006363
0.126103
0.041075
0.758055
0.700343
0.162331
0.249992
0.492630
0.422790
0.677738
0.518048
0.134226
0.873892
0.414057
0.050792
0.281901
0.776432
0.158062
0.268861
0.087961
0.785884
0.544844
0.046683
0.818709
0.580866
0.842709
0.778715
0.335457
0.699393
0.675826
0.267739
0.804971
0.901867
0.413301
0.649596
0.936883
0.401303
0.932003
0.800961
0.042707
0.402790
0.826926
0.428648
0.517439
0.047105
0.717462
0.013407
0.405266
0.364298
0.946860
0.696870
0.437985
0.115767
0.059841
0.541465
0.155666
0.376197
0.891752
0.326919
0.559418
0.444485
0.600799
0.227033
0.967531
0.092513
0.047874
0.133357
0.342063
0.296623
0.886668
0.758544
0.598626
0.074713
0.369032
0.462920
0.252103
0.865041
0.718863
0.300809
0.787466
0.897067
0.898951
0.952943
0.663393
0.954773
0.808335
0.527904
0.185611
0.086015
0.194896
0.536607
0.902915
0.621198
0.632987
0.353955
0.886226
0.384458
0.842088
0.025681
0.450389
0.691912
0.670341
0.097091
0.984193
0.498250
0.641250
0.312087
0.812649
0.130084
0.629810
0.528500
0.593666
0.644680
0.224232
0.947355
0.159219
0.953712
0.856719
0.567206
0.147143
0.187429
0.960411
0.840587
0.510061
0.188386
0.458643
0.531071
0.472997
0.034196
0.602070
0.983849
0.136640
0.431898
0.362078
0.707498
0.618196
0.683100
0.794712
0.854191
0.311691
0.550059
0.183780
0.395024
0.483594
0.079637
0.688331
0.846066
0.996842
0.841708
0.031751
0.472308
0.988643
0.982754
0.708976
0.000777
0.563622
0.982840
0.688694
0.713096
0.105259
0.290370
0.649382
0.973899
0.034576
0.462407
0.863306
0.655081
0.821414
0.010815
0.239978
0.336144
0.041605
0.652505
0.826854
0.124511
0.148914
0.896574
0.407669
0.816434
0.119876
0.325434
0.447430
0.786313
0.609652
0.804994
0.993005
0.347826
0.794562
0.898863
0.653020
0.216004
0.773701
0.882791
0.164438
0.891747
0.833435
0.285064
0.852030
0.410464
0.426220
0.721906
0.902715
0.503664
0.814972
0.727250
0.581476
0.902872
0.508142
0.945778
0.954669
0.076566
0.756595
0.548394
0.644332
0.061992
0.519657
0.148243
0.479921
0.132532
0.745352
0.205334
0.833875
0.213577
0.932469
0.972070
0.239150
0.900802
0.181720
0.402758
0.873898
0.005321
0.503452
0.790523
0.474221
0.636659
0.616005
0.228211
0.285182
0.254957
0.999502
0.845251
0.483071
0.815508
0.449859
0.339218
0.971436
0.268186
0.170872
0.472980
0.518703
0.039349
0.886722
0.088802
0.665438
0.943068
0.407961
0.002918
0.745170
0.705937
0.691528
0.699381
0.052171
0.687487
0.870370
0.269377
0.027009
0.633093
0.798564
0.877032
0.839002
0.056247
0.629441
0.828141
0.207202
0.934932
0.432919
0.854072
0.651716
0.015496
0.894825
0.040719
0.606282
0.779196
0.617331
0.244070
0.503540
0.107161
0.118798
0.809180
0.871838
0.706152
0.614001
0.218828
0.948196
0.398821
0.257064
0.122143
0.489315
0.843395
0.706618
0.810531
0.040373
0.146337
0.428255
0.052528
0.714072
0.511145
0.025805
0.882561
0.724873
0.174199
0.354748
0.085973
0.140682
0.767474
0.936346
0.048478
0.724823
0.007884
0.058157
0.083494
0.651374
0.586083
0.655132
0.213740
0.665776
0.984872
0.583977
0.492126
0.129191
0.833778
0.263494
0.440034
0.529618
0.355879
0.015350
0.855840
0.956207
0.694294
0.065814
0.475712
0.547167
0.230596
0.641531
0.710816
0.724852
0.523802
0.482165
0.366202
0.507380
0.581711
0.781124
0.737740
0.123022
0.469839
0.498958
0.353299
0.680742
0.084091
0.514848
0.460441
0.434411
0.441931
0.417721
0.908214
0.973281
0.363876
0.428801
0.876917
0.793925
0.214849
0.639525
0.712677
0.553401
0.498244
0.039242
0.266524
0.437548
0.642863
0.413670
0.140817
0.005298
0.835989
0.816959
0.949265
0.956833
0.759762
0.757005
0.132835
0.002440
0.761917
0.394323
0.369523
0.267606
0.918357
0.960652
0.950111
0.896114
0.157674
0.970337
0.881392
0.632549
0.557932
0.029734
0.754018
0.247653
0.309327
0.479113
0.892759
0.049300
0.838056
0.409346
0.715483
0.022346
0.944761
0.602574
0.845616
0.638427
0.642377
0.802088
0.458495
0.942798
0.118603
0.948348
0.437413
0.735705
0.675925
0.411292
0.682736
0.348058
0.177245
0.018514
0.461853
0.202564
0.003521
0.662722
0.857214
0.686785
0.449220
0.844324
0.637518
0.685427
0.225927
0.231583
0.673476
0.650086
0.819273
0.996502
0.615387
0.419526
0.118147
0.000910
0.648826
0.350380
0.997531
0.601105
0.476457
0.054950
0.350953
0.040471
0.131136
0.883875
0.948076
0.493083
0.448460
0.739045
0.967084
0.161159
0.104521
0.076936
0.521289
0.284073
0.699250
0.475669
0.178115
0.827682
0.198714
0.272242
0.499738
0.439620
0.558715
0.879095
0.322233
0.674724
0.747993
0.838275
0.142694
0.927433
0.310112
0.164677
0.781895
0.162133
0.951816
0.339415
0.615508
0.314153
0.101159
0.485732
0.171362
0.932197
0.431868
0.976047
0.080473
0.664711
0.344469
0.908432
0.372928
0.061893
0.128361
0.945635
0.460995
0.994829
0.353195
0.396410
0.647836
0.273904
0.129105
0.031056
0.987171
0.594226
0.645129
0.649641
0.423717
0.475498
0.156140
0.364094
0.413341
0.223450
0.556580
0.048589
0.505937
0.428410
0.286092
0.473502
0.709369
0.149292
0.446207
0.309568
0.119581
0.498262
0.655408
0.956144
0.191155
0.897537
0.343789
0.404141
0.362182
0.376366
0.910329
0.258715
0.870696
0.694945
0.988676
0.095645
0.544105
0.353464
0.974717
0.832962
0.195469
0.766073
0.856171
0.592572
0.642527
0.510236
0.585655
0.752580
0.738186
0.175412
0.471909
0.494013
0.753027
0.376282
0.462200
0.823679
0.911192
0.628811
0.389586
0.689353
0.877037
0.128948
0.551564
0.344051
0.042002
0.280040
0.949281
0.037696
0.242913
0.947279
0.563110
0.626812
0.309197
0.347169
0.926995
0.365487
0.663118
0.593177
0.430534
0.762010
0.716984
0.056772
0.402346
0.714102
0.616946
0.447985
0.884455
0.690339
0.506825
0.292206
0.837402
0.882050
0.460379
0.511041
0.704283
0.511227
0.535352
0.761122
0.531378
0.493297
0.464561
0.937070
0.804555
0.781764
0.034072
0.137937
0.427155
0.343756
0.146342
0.943643
0.722845
0.120317
0.009301
0.876190
0.667168
0.713370
0.416576
0.022254
0.551428
0.415854
0.922101
0.059433
0.480423
0.187802
0.275302
0.074494
0.419890
0.608091
0.158650
0.018565
0.634567
0.975738
0.133620
0.972175
0.301287
0.463902
0.446757
0.947133
0.844198
0.644529
0.428676
0.732661
0.937822
0.946301
0.095958
0.357879
0.989670
0.425309
0.060515
0.458648
0.490898
0.710357
0.563437
0.201622
0.860116
0.948485
0.668386
0.345824
0.998215
0.399078
0.451855
0.103070
0.622773
0.239353
0.262463
0.684229
0.996570
0.681322
0.022037
0.167652
0.705951
0.441126
0.017439
0.192446
0.019956
0.098012
0.358351
0.929806
0.583220
0.733979
0.626607
0.062857
0.925921
0.816326
0.462726
0.203748
0.006813
0.892144
0.214552
0.699661
0.658809
0.935966
0.141015
0.620304
0.232877
0.912142
0.899868
0.817905
0.904840
0.119871
0.524350
0.082371
0.357603
0.301525
0.433213
0.286171
0.486883
0.596093
0.600317
0.509254
0.958799
0.886085
0.064900
0.032328
0.122151
0.811763
0.963882
0.228294
0.077002
0.026129
0.291611
0.374289
0.133412
0.891075
0.442926
0.993099
0.026287
0.398184
0.284465
0.308820
0.784519
0.312102
0.788308
0.275436
0.620569
0.994066
0.759826
0.078618
0.050525
0.860328
0.360714
0.997949
0.939492
0.163025
0.234860
0.270212
0.628831
0.352650
0.386985
0.290780
0.503846
0.780863
0.578207
0.904960
0.205541
0.240809
0.909454
0.791774
0.544175
0.615144
0.007427
0.342364
0.470701
0.410829
0.839091
0.009348
0.455257
0.515360
0.692525
0.248074
0.451285
0.413133
0.388802
0.087062
0.230806
0.993712
0.952609
0.211077
0.187519
0.287655
0.507329
0.474395
0.441440
0.618109
0.714667
0.657393
0.181351
0.000466
0.379509
0.635912
0.879815
0.999858
0.626300
0.443777
0.763447
0.692193
0.402285
0.072095
0.872236
0.016968
0.836903
0.613039
0.637068
0.193952
0.672708
0.230479
0.563147
0.163011
0.128780
0.241327
0.063537
0.758367
0.669096
0.714385
0.715172
0.132166
0.440964
0.462430
0.732214
0.233792
0.618341
0.595574
0.871517
0.882135
0.544027
0.787977
0.833116
0.384234
0.141150
0.958890
0.351189
0.823181
0.171818
0.448189
0.046233
0.221028
0.791890
0.145463
0.066349
0.439601
0.006849
0.421426
0.999468
0.208010
0.513207
0.452208
0.128181
0.006322
0.401875
0.056177
0.331289
0.712150
0.578814
0.278195
0.150263
0.083215
0.069388
0.860028
0.204573
0.782859
0.848660
0.629500
0.968004
0.112983
0.686266
0.128682
0.447398
0.972886
0.859492
0.638841
0.429153
0.208687
0.356561
0.792987
0.710838
0.702105
0.895858
0.960704
0.205224
0.940703
0.840468
0.160487
0.835669
0.010274
0.686800
0.225826
0.843063
0.884029
0.875090
0.025712
0.801813
0.860504
0.262837
0.089657
0.571975
0.149026
0.037708
0.156565
0.931103
0.016605
0.343883
0.848277
0.079219
0.098629
0.594260
0.091102
0.199469
0.691185
0.233876
0.120485
0.370715
0.727858
0.760611
0.090020
0.163170
0.415810
0.259557
0.318959
0.872762
0.604751
0.204678
0.982075
0.938333
0.131411
0.175408
0.553749
0.842130
0.924124
0.536984
0.131915
0.236106
0.208808
0.312393
0.858848
0.630465
0.485259
0.568220
0.657824
0.691313
0.424918
0.437928
0.185509
0.777386
0.522695
0.286708
0.494539
0.698671
0.867376
0.449186
0.660795
0.130254
0.850493
0.623487
0.897354
0.839082
0.236161
0.824405
0.564468
0.884048
0.833745
0.348707
0.780716
0.522894
0.956338
0.534094
0.641508
0.893176
0.772586
0.403691
0.891698
0.680915
0.664246
0.225088
0.443056
0.063342
0.566091
0.134626
0.243984
0.796935
0.046792
0.200279
0.425861
0.568834
0.207865
0.030405
0.588867
0.998024
0.638755
0.112962
0.627901
0.596376
0.257458
0.739154
0.043035
0.336222
0.199091
0.353799
0.484233
0.516643
0.781420
0.377430
0.294788
0.075962
0.962510
0.023710
0.923349
0.978610
0.076097
0.619649
0.450036
0.587822
0.146862
0.699992
0.357866
0.700613
0.803870
0.398017
0.945716
0.244585
0.405130
0.100472
0.656282
0.564208
0.884290
0.078231
0.010607
0.097138
0.311950
0.067412
0.839551
0.499715
0.470618
0.946118
0.561554
0.098496
0.148114
0.877752
0.702299
0.118930
0.164674
0.316615
0.570311
0.996339
0.059687
0.492727
0.763285
0.654312
0.991089
0.339359
0.167988
0.595871
0.550386
0.354760
0.807398
0.350263
0.609371
0.725088
0.189082
0.146443
0.136121
0.004711
0.493717
0.781397
0.823207
0.497112
0.501359
0.527752
0.826307
0.881112
0.703508
0.118813
0.628840
0.150277
0.756569
0.497371
0.527705
0.184163
0.176423
0.619513
0.284421
0.445047
0.030001
0.188142
0.806884
0.436316
0.215050
0.755199
0.104760
0.544829
0.390003
0.931466
0.068363
0.535425
0.208839
0.207027
0.959416
0.700888
0.866420
0.460364
0.348050
0.439721
0.241003
0.867226
0.812904
0.225346
0.695880
0.202482
0.144470
0.272071
0.309603
0.266794
0.553950
0.002754
0.922840
0.581603
0.258658
0.815779
0.282479
0.680782
0.463234
0.438964
0.334922
0.879122
0.224650
0.754660
0.732991
0.226363
0.100614
0.177744
0.866639
0.673243
0.345388
0.216155
0.167999
0.571900
0.529806
0.236274
0.041434
0.865260
0.948376
0.890188
0.326992
0.669186
0.407910
0.907486
0.785008
0.563595
0.407708
0.338200
0.025701
0.789125
0.009815
0.245230
0.153641
0.955448
0.562922
0.090431
0.190593
0.849203
0.163347
0.325006
0.569528
0.279231
0.773015
0.395551
0.899545
0.685796
0.771812
0.526283
0.714607
0.673974
0.290690
0.296104
0.427307
0.409092
0.289572
0.007551
0.223203
0.457830
0.600643
0.034362
0.145591
0.908088
0.700016
0.767873
0.296647
0.011816
0.135123
0.651962
0.624406
0.549363
0.644076
0.036545
0.236917
0.687728
0.403756
0.633433
0.573698
0.863269
0.093157
0.283311
0.404713
0.546011
0.740572
0.901149
0.125325
0.383948
0.260231
0.385792
0.914226
0.986323
0.673355
0.082653
0.497187
0.030895
0.152032
0.623143
0.800064
0.867744
0.852401
0.168644
0.475585
0.957140
0.725736
0.457628
0.264305
0.711394
0.286951
0.013534
0.630190
0.816255
0.706783
0.313836
0.459356
0.658114
0.459428
0.493999
0.703680
0.573632
0.129274
0.046315
0.744704
0.385078
0.782381
0.120591
0.965468
0.180446
0.978570
0.819842
0.222829
0.596472
0.794848
0.448479
0.093793
0.043091
0.506608
0.871536
0.702653
0.314756
0.868737
0.990831
0.895039
0.996260
0.166674
0.793378
0.161460
0.393762
0.085402
0.546908
0.756542
0.970564
0.275669
0.580859
0.398787
0.391569
0.439235
0.391680
0.667627
0.826810
0.940525
0.581359
0.903973
0.880723
0.391364
0.474147
0.122850
0.306952
0.072853
0.269190
0.045470
0.572748
0.141374
0.487107
0.089404
0.833461
0.858771
0.092814
0.569005
0.161358
0.149222
0.971764
0.826779
0.252593
0.542351
0.435370
0.806965
0.351132
0.335886
0.359619
0.064302
0.523837
0.203048
0.988633
0.327024
0.573846
0.238664
0.453682
0.725290
0.085190
0.323723
0.957163
0.447365
0.038982
0.712216
0.872590
0.405141
0.127748
0.876507
0.993010
0.287798
0.766629
0.698862
0.677782
0.064552
0.357559
0.877331
0.767131
0.426212
0.170494
0.422918
0.976487
0.201382
0.192860
0.460456
0.930891
0.872084
0.018570
0.733139
0.592239
0.054800
0.585673
0.047917
0.546069
0.642595
0.461339
0.144170
0.673041
0.409224
0.696595
0.301666
0.723568
0.703158
0.502225
0.618856
0.338708
0.935225
0.620807
0.990260
0.638446
0.239505
0.153784
0.083393
0.483665
0.460129
0.210659
0.343901
0.488001
0.565033
0.937230
0.545927
0.751156
0.289183
0.480544
0.554018
0.384287
0.561324
0.394503
0.523483
0.067454
0.529928
0.436807
0.087590
0.635388
0.199874
0.356215
0.909731
0.367676
0.500171
0.830535
0.382360
0.043589
0.649195
0.824510
0.093998
0.915309
0.919848
0.091383
0.937536
0.109833
0.252789
0.679695
0.455663
0.114745
0.430489
0.561257
0.229823
0.845181
0.812046
0.213380
0.987991
0.544570
0.360627
0.921464
0.432401
0.483168
0.464456
0.662369
0.624724
0.782327
0.026240
0.736672
0.938499
0.278698
0.921474
0.898628
0.988173
0.397365
0.569373
0.567624
0.856983
0.054106
0.032929
0.529112
0.248729
0.940339
0.192810
0.609634
0.690341
0.482206
0.588971
0.044467
0.766517
0.924459
0.578353
0.378817
0.314202
0.569239
0.557094
0.925296
0.688174
0.504968
0.565258
0.446833
0.391328
0.619226
0.092485
0.341287
0.281387
0.327529
0.195297
0.379718
0.902021
0.352902
0.719728
0.123612
0.615589
0.079821
0.014803
0.014167
0.274320
0.767880
0.345098
0.306503
0.549744
0.519774
0.990550
0.483723
0.477365
0.067275
0.523894
0.901811
0.612270
0.825423
0.138327
0.401703
0.207806
0.751309
0.902797
0.099617
0.534895
0.769494
0.307127
0.209176
0.945890
0.584584
0.995326
0.143270
0.810968
0.548582
0.002048
0.045609
0.582877
0.656089
0.051950
0.161359
0.296564
0.076334
0.219425
0.963611
0.687616
0.350738
0.806141
0.537269
0.393480
0.224693
0.014626
0.723365
0.434744
0.529153
0.413815
0.677286
0.976299
0.120631
0.811298
0.785811
0.749670
0.912638
0.872213
0.624392
0.235406
0.948614
0.403834
0.548415
0.405729
0.644292
0.280004
0.932367
0.481738
0.759131
0.172963
0.565156
0.628016
0.603692
0.680570
0.307983
0.369971
0.763507
0.652934
0.542826
0.063373
0.952065
0.842196
0.541984
0.828103
0.468072
0.798243
0.120694
0.571869
0.191709
0.795856
0.459361
0.795920
0.702015
0.020187
0.754516
0.433843
0.489459
0.570400
0.931322
0.285010
0.773117
0.873078
0.761188
0.584831
0.200351
0.245943
0.442591
0.621529
0.266704
0.514229
0.894713
0.505805
0.404930
0.989224
0.653952
0.084854
0.259235
0.685732
0.283332
0.909355
0.088998
0.332520
0.919649
0.344719
0.713705
0.429267
0.368114
0.606224
0.678293
0.686497
0.304290
0.070278
0.824161
0.388572
0.302385
0.031604
0.570894
0.182013
0.294064
0.836962
0.868878
0.946499
0.681119
0.293613
0.054733
0.933174
0.061837
0.217710
0.970223
0.155785
0.841702
0.134953
0.830619
0.606789
0.696323
0.670465
0.614075
0.502051
0.901588
0.402702
0.992332
0.747272
0.925370
0.780662
0.767172
0.275938
0.749092
0.761203
0.472682
0.887557
0.686825
0.073290
0.685691
0.454380
0.491545
0.765480
0.374754
0.028097
0.759828
0.689885
0.365580
0.451307
0.215514
0.026759
0.324452
0.386337
0.090537
0.551938
0.272632
0.877898
0.058798
0.987527
0.804116
0.325515
0.109414
0.486165
0.498994
0.323456
0.973305
0.262467
0.298243
0.288596
0.539321
0.885291
0.988370
0.271674
0.376575
0.029987
0.672971
0.693216
0.272536
0.651623
0.481057
0.236023
0.958016
0.960140
0.229010
0.436480
0.169610
0.348161
0.318783
0.301395
0.495902
0.080747
0.279378
0.199791
0.472077
0.115034
0.921568
0.279568
0.738749
0.672170
0.455003
0.768662
0.654737
0.332110
0.024588
0.134847
0.786080
0.684846
0.563495
0.750690
0.390509
0.897307
0.182719
0.636226
0.726923
0.696381
0.671865
0.873886
0.770909
0.168085
0.274498
0.048222
0.983799
0.179149
0.378658
0.353142
0.706738
0.219002
0.139552
0.418317
0.357267
0.973866
0.600065
0.041683
0.818978
0.877036
0.062096
0.270116
0.597125
0.401654
0.421233
0.107645
0.856924
0.372966
0.205702
0.766593
0.383196
0.220045
0.559903
0.282781
0.489227
0.272239
0.726178
0.887173
0.571643
0.734651
0.291497
0.103133
0.172065
0.875082
0.927157
0.324193
0.764808
0.788178
0.875550
0.228583
0.162832
0.433132
0.551321
0.971478
0.735236
0.861343
0.779942
0.305050
0.784143
0.308759
0.367649
0.622415
0.575373
0.155728
0.610345
0.836601
0.590091
0.450011
0.589151
0.268442
0.425068
0.522766
0.240248
0.994968
0.297370
0.959789
0.483389
0.109041
0.677612
0.115464
0.058821
0.778735
0.306254
0.579369
0.427970
0.484385
0.938692
0.846435
0.105864
0.397319
0.865225
0.480618
0.971492
0.801999
0.531678
0.943371
0.479679
0.424129
0.564293
0.221865
0.665002
0.885666
0.315517
0.172488
0.744527
0.481581
0.679327
0.443163
0.504720
0.531793
0.229414
0.838537
0.661842
0.011016
0.262091
0.702367
0.181434
0.853207
0.388200
0.072131
0.991749
0.872014
0.132698
0.511659
0.324876
0.492123
0.819248
0.126922
0.048826
0.400202
0.973159
0.514010
0.660280
0.100204
0.565888
0.873948
0.965649
0.641053
0.593892
0.183866
0.634814
0.513732
0.091676
0.304612
0.396857
0.021926
0.558504
0.630226
0.078516
0.029229
0.365281
0.266181
0.298813
0.730600
0.704617
0.358055
0.055044
0.365811
0.422859
0.892190
0.974437
0.210839
0.897279
0.118139
0.057372
0.043259
0.761309
0.750161
0.449626
0.571071
0.271186
0.201210
0.611359
0.222653
0.885742
0.048601
0.931753
0.924609
0.690815
0.325157
0.172626
0.345957
0.296216
0.341900
0.008251
0.793851
0.882292
0.159333
0.726579
0.926216
0.300918
0.092627
0.444113
0.202540
0.699454
0.661148
0.895846
0.127837
0.747902
0.388093
0.218029
0.879486
0.292868
0.255366
0.879386
0.521825
0.645004
0.021430
0.463349
0.372107
0.156200
0.881115
0.885998
0.686373
0.112609
0.390852
0.796706
0.563478
0.491647
0.149505
0.818772
0.466875
0.824889
0.998947
0.438554
0.971692
0.781594
0.516536
0.637048
0.822192
0.042828
0.552180
0.360739
0.090083
0.079889
0.767922
0.595162
0.401022
0.034883
0.339239
0.923245
0.760737
0.314537
0.266932
0.420968
0.245920
0.685815
0.928602
0.970762
0.283593
0.141992
0.926032
0.909532
0.131637
0.367310
0.291742
0.184427
0.250770
0.970166
0.032986
0.308085
0.380723
0.772770
0.830242
0.770185
0.846473
0.655260
0.297532
0.362208
0.562899
0.987036
0.359603
0.083997
0.706737
0.891721
0.507370
0.585745
0.320381
0.823073
0.041457
0.510803
0.827392
0.995555
0.643942
0.776487
0.889892
0.630584
0.576415
0.104816
0.926022
0.214105
0.536008
0.471759
0.830481
0.879984
0.713270
0.456077
0.997831
0.908420
0.754740
0.577604
0.338516
0.829358
0.220797
0.618352
0.401937
0.020099
0.066360
0.950839
0.888485
0.700951
0.134560
0.716510
0.609610
0.352809
0.832171
0.421026
0.332423
0.989894
0.484188
0.519804
0.871202
0.406616
0.950167
0.453140
0.659819
0.897000
0.532820
0.973147
0.745988
0.790067
0.987080
0.611383
0.111274
0.341135
0.391804
0.021830
0.204547
0.484406
0.448639
0.474334
0.154893
0.642781
0.416921
0.692920
0.123355
0.470778
0.009835
0.913454
0.062974
0.291325
0.898255
0.371455
0.587795
0.187869
0.745141
0.309623
0.353840
0.557129
0.145519
0.207186
0.805852
0.187303
0.024166
0.253446
0.939759
0.661469
0.355663
0.306848
0.876378
0.330326
0.105114
0.656098
0.117368
0.916391
0.973371
0.492841
0.784892
0.177634
0.148029
0.634892
0.364227
0.804016
0.270697
0.522150
0.990353
0.929501
0.665623
0.802949
0.786362
0.190828
0.200921
0.870914
0.670557
0.299087
0.724178
0.003501
0.812789
0.209933
0.647071
0.107345
0.471482
0.826123
0.893335
0.380814
0.840211
0.163403
0.036607
0.311707
0.858526
0.425262
0.703579
0.114945
0.372367
0.858351
0.614644
0.789566
0.038738
0.602068
0.442021
0.778651
0.639598
0.333789
0.195466
0.006192
0.334020
0.041244
0.226659
0.966196
0.695379
0.857101
0.195547
0.726944
0.750313
0.421018
0.612379
0.403063
0.206995
0.333016
0.098998
0.950943
0.836377
0.640851
0.081810
0.595032
0.771257
0.904841
0.859433
0.628677
0.923570
0.641194
0.267718
0.960399
0.813998
0.838978
0.103926
0.719931
0.418919
0.935604
0.320517
0.177340
0.318900
0.729648
0.895036
0.302622
0.484762
0.146612
0.582958
0.068464
0.291067
0.165795
0.014705
0.456206
0.869696
0.425115
0.627252
0.875093
0.283061
0.903099
0.350776
0.948616
0.441322
0.194336
0.644285
0.532317
0.499188
0.746834
0.893387
0.111605
0.793001
0.364299
0.486576
0.583573
0.369801
0.731462
0.121305
0.401341
0.865757
0.736214
0.837006
0.364871
0.777044
0.103136
0.999260
0.721572
0.137083
0.716310
0.002097
0.478428
0.511120
0.915731
0.412701
0.556503
0.348757
0.276501
0.118792
0.345499
0.368930
0.203838
0.364703
0.596341
0.114649
0.217415
0.056456
0.369097
0.379993
0.055657
0.985090
0.745371
0.915543
0.747400
0.645225
0.389853
0.849572
0.978401
0.115309
0.260974
0.559501
0.608855
0.229910
0.054918
0.477103
0.317059
0.320062
0.106999
0.565837
0.062970
0.219564
0.824420
0.974410
0.150750
0.974939
0.987654
0.002624
0.775540
0.260647
0.259162
0.620670
0.241029
0.945972
0.952464
0.534663
0.608505
0.633122
0.567624
0.185902
0.327635
0.684673
0.198308
0.010472
0.149612
0.166229
0.376004
0.375589
0.438926
0.711090
0.441635
0.648632
0.460145
0.516672
0.532113
0.326092
0.875097
0.992612
0.029846
0.084868
0.776373
0.644869
0.171846
0.499756
0.862566
0.550265
0.937787
0.807525
0.890365
0.453377
0.081212
0.373109
0.599214
0.590707
0.453540
0.198724
0.749732
0.628897
0.446952
0.925067
0.143176
0.262854
0.597477
0.911694
0.541733
0.474332
0.254079
0.683883
0.700830
0.278262
0.123332
0.509945
0.856920
0.051212
0.307155
0.723430
0.779899
0.810452
0.795199
0.806003
0.646780
0.731742
0.934615
0.406330
0.795643
0.347798
0.328223
0.025139
0.150302
0.931521
0.955004
0.623289
0.876281
0.638083
0.894295
0.979058
0.506456
0.804712
0.714276
0.753148
0.707894
0.980168
0.127055
0.255045
0.872256
0.198433
0.110897
0.796496
0.192263
0.410224
0.296513
0.770422
0.914542
0.328672
0.324736
0.653432
0.553029
0.581924
0.133286
0.580739
0.283927
0.932427
0.621791
0.458012
0.510598
0.719854
0.924625
0.013631
0.699686
0.871540
0.264920
0.214284
0.804884
0.602460
0.445776
0.532796
0.521984
0.305874
0.091835
0.043875
0.972998
0.671455
0.335611
0.844266
0.767110
0.724787
0.394872
0.090964
0.108603
0.315364
0.728694
0.114560
0.798998
0.237953
0.833906
0.327288
0.389997
0.335165
0.726685
0.973867
0.438286
0.422195
0.784579
0.049649
0.422869
0.217740
0.005634
0.535509
0.447886
0.743919
0.841429
0.328215
0.148884
0.900280
0.987969
0.972135
0.859802
0.011437
0.669856
0.021398
0.232683
0.243087
0.521064
0.423095
0.358510
0.566647
0.915851
0.312105
0.727472
0.351795
0.122252
0.817586
0.361954
0.849842
0.212710
0.084881
0.957928
0.816375
0.735955
0.032817
0.419476
0.536884
0.652681
0.944361
0.341603
0.509245
0.774246
0.539527
0.133574
0.026169
0.569833
0.107985
0.759780
0.578657
0.495264
0.289631
0.137675
0.893240
0.240659
0.834994
0.745552
0.131472
0.655545
0.975138
0.275031
0.444762
0.312606
0.924845
0.690054
0.657270
0.193916
0.445744
0.122841
0.349064
0.286466
0.456977
0.694239
0.856741
0.202827
0.435134
0.781183
0.055859
0.124120
0.815275
0.033494
0.239770
0.903485
0.973834
0.723807
0.888548
0.295996
0.371968
0.868537
0.651268
0.539535
0.859469
0.248803
0.301736
0.311292
0.822663
0.056801
0.823344
0.087654
0.648126
0.964828
0.248463
0.011884
0.364835
0.364986
0.742452
0.609417
0.035764
0.132049
0.546357
0.237652
0.468385
0.855008
0.280230
0.684299
0.123868
0.188809
0.318520
0.256549
0.195644
0.301021
0.084495
0.097091
0.915110
0.186051
0.301061
0.315557
0.111780
0.058493
0.456311
0.102228
0.617322
0.641310
0.027901
0.606400
0.441210
0.685401
0.839706
0.975958
0.235794
0.809326
0.421648
0.693032
0.756429
0.287301
0.725660
0.556981
0.076584
0.906678
0.543208
0.174138
0.398159
0.842300
0.008538
0.112416
0.264200
0.475833
0.377278
0.773572
0.220359
0.697975
0.182745
0.889636
0.093793
0.827972
0.662393
0.869127
0.521782
0.296801
0.268105
0.174613
0.096539
0.448566
0.931490
0.189282
0.597387
0.801170
0.613281
0.891252
0.638359
0.940743
0.916907
0.800034
0.472942
0.036016
0.496387
0.924243
0.606290
0.701625
0.226359
0.357612
0.997517
0.672260
0.611144
0.903634
0.468331
0.411136
0.663012
0.748217
0.067868
0.058602
0.094637
0.617451
0.444103
0.669838
0.945209
0.866165
0.337775
0.489416
0.321860
0.876561
0.480686
0.996204
0.073118
0.902783
0.280767
0.934625
0.260960
0.295419
0.459592
0.497802
0.291282
0.650650
0.672796
0.600168
0.771372
0.474625
0.321363
0.297788
0.560162
0.116718
0.609037
0.801611
0.837371
0.106679
0.511384
0.725888
0.652947
0.538198
0.238557
0.567525
0.251601
0.891104
0.182123
0.832185
0.248043
0.724994
0.828315
0.903575
0.024924
0.856590
0.489545
0.261287
0.621142
0.346349
0.643902
0.999486
0.345460
0.791430
0.838570
0.333666
0.012955
0.884553
0.544486
0.708117
0.965119
0.280806
0.980550
0.766620
0.495648
0.013367
0.206764
0.324319
0.889483
0.615694
0.177761
0.344838
0.017124
0.068622
0.681326
0.357858
0.254393
0.877421
0.921351
0.946928
0.582912
0.793224
0.945328
0.132018
0.563715
0.307971
0.742878
0.009297
0.635850
0.548194
0.160469
0.157444
0.287902
0.533578
0.733356
0.921285
0.948956
0.437175
0.019887
0.315687
0.743471
0.831576
0.112274
0.032077
0.098628
0.729200
0.470761
0.758196
0.263328
0.275823
0.558762
0.644476
0.253598
0.196418
0.639236
0.259621
0.906728
0.695526
0.041466
0.386233
0.908038
0.243236
0.475526
0.379229
0.858698
0.914811
0.890520
0.552233
0.692021
0.116816
0.496486
0.845766
0.347251
0.157374
0.611237
0.673360
0.507529
0.729725
0.040982
0.124789
0.675622
0.606361
0.822859
0.445424
0.336058
0.975996
0.574836
0.734254
0.685134
0.495179
0.777853
0.476892
0.354809
0.611133
0.733608
0.103678
0.954967
0.413329
0.014946
0.515492
0.362025
0.867178
0.372879
0.593877
0.720784
0.061761
0.030214
0.871910
0.539919
0.056233
0.411672
0.955604
0.816971
0.077925
0.866179
0.560882
0.922069
0.663552
0.236904
0.385342
0.113050
0.845682
0.938389
0.670690
0.420621
0.717390
0.282192
0.285807
0.246506
0.113185
0.975798
0.500883
0.514434
0.523808
0.360515
0.360015
0.764083
0.467139
0.823134
0.720317
0.238125
0.490393
0.261370
0.295387
0.448753
0.909519
0.921803
0.486206
0.391074
0.271091
0.159375
0.398800
0.333486
0.812398
0.264142
0.873816
0.296581
0.760422
0.972493
0.216083
0.510485
0.553701
0.668465
0.481611
0.252394
0.904486
0.975866
0.578411
0.627769
0.687289
0.504209
0.399094
0.633714
0.950110
0.827176
0.844379
0.927825
0.922453
0.647037
0.542031
0.836750
0.393168
0.622643
0.876788
0.484524
0.506793
0.984747
0.202881
0.123047
0.783415
0.996279
0.710578
0.479822
0.127879
0.804678
0.576891
0.527308
0.985217
0.503517
0.239935
0.617097
0.440584
0.509471
0.271537
0.818131
0.363815
0.996115
0.591649
0.547051
0.886477
0.261455
0.987942
0.001879
0.718167
0.185885
0.505199
0.634659
0.780950
0.349422
0.003850
0.060294
0.907563
0.019564
0.209831
0.625671
0.714150
0.626566
0.273329
0.738994
0.406465
0.586933
0.977274
0.876755
0.321502
0.565132
0.932243
0.774234
0.058551
0.019126
0.925117
0.953493
0.846662
0.472177
0.367998
0.695331
0.230405
0.491242
0.012181
0.639786
0.033932
0.357517
0.264567
0.990461
0.179014
0.248303
0.670726
0.845229
0.975539
0.174229
0.198029
0.756613
0.774827
0.957541
0.596805
0.596471
0.711983
0.713987
0.027118
0.336630
0.946183
0.032517
0.042180
0.196632
0.481148
0.070652
0.339815
0.747545
0.732369
0.748919
0.332638
0.027172
0.342814
0.953305
0.339891
0.536063
0.346897
0.862816
0.104791
0.191360
0.173973
0.025201
0.787441
0.530690
0.651991
0.682129
0.620672
0.192929
0.175375
0.276139
0.650416
0.525377
0.884366
0.346369
0.192962
0.763151
0.190793
0.949326
0.971871
0.031045
0.086762
0.284715
0.270232
0.470802
0.019663
0.893677
0.567335
0.222601
0.374006
0.841334
0.153045
0.105587
0.338733
0.642087
0.183118
0.390566
0.499304
0.980917
0.975196
0.422354
0.352952
0.157907
0.151990
0.744945
0.948087
0.795436
0.005572
0.713816
0.318235
0.120767
0.217340
0.783216
0.541727
0.719308
0.184380
0.595457
0.103510
0.891253
0.336759
0.647140
0.383967
0.774740
0.351783
0.400471
0.578907
0.684326
0.670286
0.129508
0.470021
0.990882
0.037968
0.069092
0.261287
0.226534
0.202985
0.848467
0.326880
0.914391
0.175769
0.380224
0.791026
0.301215
0.860254
0.217407
0.398614
0.254008
0.697087
0.821765
0.941609
0.631156
0.062946
0.674775
0.909413
0.742561
0.426866
0.267801
0.128991
0.192550
0.412863
0.733200
0.049620
0.280491
0.922015
0.557160
0.874254
0.756672
0.848218
0.497623
0.918306
0.421441
0.916711
0.076606
0.234395
0.602451
0.422284
0.262643
0.809840
0.598902
0.744809
0.267023
0.137774
0.789367
0.049226
0.467717
0.065127
0.683856
0.933537
0.321687
0.143032
0.512086
0.079934
0.290639
0.320214
0.827910
0.982363
0.405015
0.468532
0.018008
0.978080
0.091776
0.002879
0.266437
0.176695
0.994134
0.574008
0.233232
0.446908
0.920796
0.282585
0.456089
0.493191
0.901197
0.559576
0.313523
0.186283
0.736446
0.085285
0.783677
0.203740
0.056296
0.575802
0.640041
0.835969
0.105201
0.630289
0.573559
0.119003
0.492277
0.540293
0.198415
0.709701
0.809496
0.957350
0.452585
0.484355
0.050888
0.557108
0.545302
0.414647
0.544308
0.644922
0.380567
0.396053
0.763347
0.171444
0.381596
0.382182
0.998301
0.005373
0.129658
0.620617
0.012756
0.799347
0.286694
0.164352
0.825893
0.289190
0.277975
0.363020
0.444521
0.839234
0.700214
0.755138
0.593073
0.493123
0.303377
0.089267
0.726413
0.948903
0.278134
0.293805
0.650912
0.648928
0.595868
0.008607
0.869635
0.480290
0.369270
0.686537
0.445104
0.244403
0.778883
0.400682
0.618429
0.688225
0.378198
0.752045
0.743833
0.440659
0.258684
0.595574
0.773084
0.136625
0.585821
0.442657
0.778883
0.536038
0.068615
0.810520
0.490053
0.819560
0.086272
0.839042
0.064761
0.285870
0.706702
0.502597
0.690304
0.681516
0.606054
0.730841
0.942108
0.992719
0.256893
0.463340
0.236936
0.064230
0.841776
0.871245
0.715430
0.060921
0.477021
0.682882
0.561507
0.689906
0.595647
0.468374
0.701830
0.660533
0.010181
0.696060
0.984779
0.905112
0.198846
0.413198
0.234828
0.722833
0.995677
0.947069
0.996037
0.521122
0.653623
0.590192
0.429268
0.636604
0.067937
0.748884
0.937302
0.046441
0.828599
0.088331
0.454287
0.775612
0.848561
0.165152
0.189810
0.980017
0.528695
0.686253
0.150607
0.284814
0.746388
0.602973
0.467191
0.149957
0.881155
0.845829
0.755804
0.139460
0.962061
0.887942
0.199052
0.031537
0.194255
0.166193
0.940988
0.109534
0.636429
0.615847
0.168665
0.704525
0.853971
0.945165
0.105148
0.906330
0.331891
0.523114
0.721018
0.762705
0.059296
0.436267
0.028131
0.354106
0.419595
0.560977
0.797203
0.343474
0.222182
0.071170
0.615251
0.037570
0.466240
0.583802
0.613513
0.492939
0.261979
0.043904
0.213390
0.180981
0.546081
0.360873
0.379131
0.843042
0.774980
0.508742
0.046458
0.809761
0.546964
0.577781
0.228048
0.661533
0.238046
0.261723
0.295341
0.515809
0.286171
0.999466
0.185320
0.760892
0.648078
0.694406
0.658845
0.672935
0.312895
0.318327
0.496718
0.416028
0.076910
0.269637
0.609126
0.690215
0.556198
0.938146
0.525872
0.041956
0.609663
0.315800
0.858197
0.586245
0.748195
0.540777
0.543407
0.062451
0.922825
0.586932
0.798768
0.555632
0.289141
0.153991
0.869316
0.248767
0.520501
0.464911
0.853338
0.927472
0.323961
0.693403
0.890081
0.772387
0.167426
0.586251
0.623689
0.909841
0.490648
0.891879
0.274352
0.676980
0.288929
0.489673
0.353098
0.192743
0.084158
0.584177
0.649093
0.815570
0.716727
0.354661
0.393783
0.997571
0.089084
0.424483
0.682554
0.749727
0.520347
0.036728
0.564956
0.518175
0.720924
0.835841
0.847440
0.828205
0.924112
0.219102
0.175058
0.688659
0.675090
0.233616
0.098616
0.894959
0.186648
0.199732
0.459075
0.405947
0.779822
0.090508
0.899861
0.219032
0.183509
0.029281
0.846891
0.830537
0.948953
0.060234
0.683268
0.715173
0.005951
0.650652
0.267935
0.749184
0.327990
0.613167
0.412679
0.766631
0.574934
0.178587
0.806478
0.253187
0.087428
0.020123
0.458982
0.364322
0.017386
0.854752
0.629386
0.266508
0.393203
0.081586
0.765071
0.883228
0.261832
0.918913
0.357458
0.764159
0.994451
0.246834
0.842162
0.361682
0.117147
0.303579
0.654109
0.445294
0.602747
0.511784
0.103401
0.786911
0.059155
0.984362
0.333637
0.476754
0.934319
0.419611
0.719922
0.390734
0.854830
0.274264
0.508749
0.685200
0.234499
0.892929
0.241033
0.847628
0.958765
0.710576
0.717803
0.861137
0.349630
0.292123
0.092097
0.615332
0.179949
0.004253
0.451289
0.294789
0.646977
0.531325
0.181862
0.805896
0.690723
0.057648
0.091970
0.534501
0.760441
0.152362
0.402335
0.789791
0.484261
0.075493
0.882900
0.203258
0.086633
0.673119
0.302551
0.840310
0.004774
0.599680
0.201991
0.485461
0.630927
0.449690
0.360149
0.008438
0.430077
0.598055
0.020399
0.619663
0.971508
0.778225
0.194265
0.255331
0.520593
0.650687
0.077234
0.844289
0.392252
0.167326
0.548073
0.446630
0.325732
0.327673
0.734308
0.074900
0.025946
0.398783
0.108224
0.543451
0.651915
0.075950
0.188352
0.454103
0.964166
0.425507
0.505401
0.246264
0.907549
0.122814
0.669502
0.187018
0.688647
0.457078
0.116979
0.208383
0.763078
0.935979
0.625157
0.847530
0.921789
0.117362
0.036830
0.733206
0.709552
0.049190
0.454413
0.851254
0.987355
0.802959
0.314639
0.068421
0.213404
0.963448
0.712468
0.117103
0.719045
0.724424
0.889418
0.250413
0.319762
0.197383
0.050482
0.849111
0.506018
0.103796
0.121029
0.078024
0.895741
0.420048
0.736625
0.988691
0.713205
0.298716
0.570927
0.184403
0.526500
0.638884
0.970509
0.102364
0.482006
0.359160
0.644953
0.141924
0.245321
0.059957
0.452519
0.808567
0.311697
0.128553
0.512914
0.451139
0.814001
0.971934
0.984910
0.017299
0.276742
0.487990
0.819942
0.526927
0.168183
0.741297
0.690218
0.771900
0.138632
0.200144
0.072704
0.366018
0.420659
0.884304
0.400877
0.069573
0.096836
0.699808
0.368828
0.234382
0.930613
0.486849
0.562670
0.456697
0.547292
0.822922
0.809265
0.382239
0.143139
0.776519
0.675107
0.680255
0.663068
0.219128
0.572242
0.745054
0.323092
0.129103
0.251454
0.154743
0.313570
0.095257
0.976600
0.558297
0.946137
0.282897
0.090994
0.247636
0.932402
0.552886
0.685901
0.720778
0.887082
0.496275
0.991383
0.657938
0.636640
0.160132
0.771632
0.519980
0.397873
0.946170
0.529862
0.268908
0.023612
0.682434
0.565618
0.592722
0.544544
0.256965
0.789440
0.260704
0.717555
0.460750
0.838199
0.358159
0.721588
0.318396
0.633698
0.119451
0.089762
0.399651
0.446216
0.490713