0.513206
0.251499
0.448801
0.078135
0.119517
0.422547
0.584088
0.546546
0.865296
0.328431
0.184902
0.985801
0.158185
0.750123
0.172907
0.649833
0.557366
0.550594
0.613725
0.865022
0.577058
0.723246
0.867921
0.484464
0.815838
0.006696
0.877877
0.309235
0.032122
0.701797
0.121229
0.886364
0.330736
0.884714
0.179816
0.049524
0.272712
0.339891
0.081411
0.416605
0.363500
0.387451
0.704741
0.927388
0.673205
0.289946
0.601739
0.784307
0.104830
0.883047
0.686092
0.389523
0.776884
0.541026
0.768588
0.318789
0.098742
0.795937
0.594720
0.786181
0.110768
0.895523
0.128161
0.945686
0.255324
0.823527
0.955008
0.218305
0.771230
0.215417
0.290195
0.405900
0.722757
0.219420
0.698151
0.480547
0.729265
0.308348
0.486884
0.203224
0.864332
0.411011
0.732747
0.174031
0.729911
0.858576
0.448891
0.438981
0.989361
0.176521
0.477292
0.529038
0.225788
0.866754
0.454477
0.799620
0.493547
0.859178
0.258196
0.712279
0.851706
0.003554
0.436211
0.989127
0.383085
0.855941
0.474573
0.191530
0.122514
0.648891
0.156430
0.237429
0.419433
0.176242
0.033368
0.934463
0.078312
0.098784
0.975951
0.453984
0.678150
0.619914
0.099404
0.056515
0.987846
0.594442
0.534454
0.428049
0.842317
0.663600
0.844696
0.015037
0.182047
0.574630
0.462046
0.240895
0.225991
0.713060
0.882237
0.290812
0.105713
0.572649
0.021259
0.565020
0.564332
0.323297
0.699457
0.992351
0.156327
0.771601
0.093897
0.575513
0.893490
0.413974
0.896939
0.215901
0.567775
0.955802
0.373473
0.144459
0.778288
0.306837
0.509284
0.816931
0.171654
0.218454
0.941684
0.169932
0.317538
0.891958
0.458495
0.325910
0.089605
0.873614
0.359318
0.477839
0.654293
0.744931
0.399346
0.323694
0.486206
0.361535
0.631088
0.696157
0.462379
0.764454
0.278188
0.067826
0.720531
0.548211
0.820487
0.661531
0.254718
0.569945
0.133188
0.781609
0.345914
0.528146
0.334861
0.117498
0.965990
0.903031
0.517249
0.014256
0.204507
0.100934
0.126923
0.883682
0.831781
0.851604
0.599597
0.520641
0.322103
0.844417
0.925341
0.839693
0.291373
0.826453
0.263510
0.659045
0.541616
0.450656
0.206455
0.056606
0.757043
0.454838
0.370613
0.974291
0.060198
0.464560
0.088092
0.164160
0.724980
0.327011
0.753301
0.568808
0.752877
0.595733
0.118136
0.083740
0.066332
0.835001
0.731435
0.515931
0.309733
0.519663
0.675919
0.320052
0.795356
0.821887
0.905794
0.596352
0.280048
0.154593
0.578554
0.313899
0.676340
0.235424
0.386275
0.680176
0.035668
0.897166
0.959024
0.117908
0.298052
0.657617
0.007534
0.090971
0.001004
0.656064
0.367258
0.222668
0.778921
0.181039
0.514604
0.534029
0.849955
0.273217
0.342144
0.364185
0.145210
0.923427
0.673511
0.360901
0.784124
0.707697
0.667037
0.558449
0.284825
0.028469
0.312080
0.918642
0.656114
0.124780
0.277847
0.063251
0.028357
0.665429
0.154230
0.519834
0.458691
0.990988
0.843548
0.511474
0.908464
0.472974
0.465635
0.206557
0.214525
0.075534
0.365121
0.993321
0.044143
0.286759
0.529241
0.340453
0.974423
0.788158
0.205161
0.155686
0.006648
0.082528
0.771529
0.062930
0.413920
0.876415
0.073753
0.465136
0.010158
0.775843
0.102668
0.233943
0.225948
0.838496
0.167510
0.597168
0.310093
0.687549
0.428655
0.043133
0.165518
0.622352
0.789424
0.554251
0.805423
0.438226
0.843691
0.891531
0.593285
0.513273
0.358872
0.745287
0.933642
0.137963
0.775536
0.736056
0.954175
0.621953
0.809584
0.671764
0.162575
0.428095
0.626099
0.006983
0.410287
0.528139
0.918589
0.551859
0.312779
0.004402
0.390220
0.083287
0.463192
0.996164
0.871324
0.379408
0.130671
0.293007
0.340753
0.711442
0.169778
0.244607
0.587875
0.248878
0.619125
0.755796
0.236025
0.029254
0.816696
0.699681
0.654900
0.339776
0.117121
0.282394
0.141856
0.789887
0.067343
0.578874
0.048422
0.494390
0.696987
0.763294
0.662602
0.304364
0.237149
0.311610
0.744586
0.672500
0.708071
0.097373
0.417895
0.793846
0.563175
0.886253
0.684863
0.493468
0.663052
0.563836
0.546452
0.932406
0.237074
0.902088
0.005291
0.845733
0.918527
0.481060
0.995491
0.875414
0.919413
0.472407
0.337165
0.344337
0.501117
0.050565
0.500517
0.858287
0.989268
0.854060
0.042238
0.976452
0.181569
0.954825
0.107373
0.502342
0.016195
0.040212
0.195409
0.106418
0.499109
0.878172
0.216272
0.742954
0.774712
0.981733
0.809427
0.406624
0.633946
0.140125
0.400666
0.475604
0.599158
0.836411
0.062832
0.388032
0.566906
0.645706
0.072196
0.827918
0.824506
0.572297
0.091242
0.642807
0.481742
0.625450
0.982761
0.866112
0.251774
0.374696
0.806284
0.194176
0.978035
0.242001
0.441829
0.321787
0.801919
0.996849
0.581207
0.619188
0.447702
0.413589
0.851073
0.641918
0.922742
0.143851
0.760478
0.354913
0.209977
0.013621
0.351455
0.895412
0.949638
0.377638
0.450250
0.356236
0.468264
0.306102
0.837816
0.522913
0.384264
0.564000
0.861938
0.914875
0.811451
0.691299
0.242509
0.226111
0.381600
0.623769
0.798409
0.678296
0.748103
0.333834
0.658430
0.954389
0.380798
0.341265
0.756003
0.109365
0.334653
0.349987
0.899889
0.498598
0.820795
0.500170
0.039522
0.937833
0.844933
0.539620
0.042624
0.229061
0.841165
0.956688
0.041016
0.847427
0.183871
0.896106
0.851685
0.825389
0.300717
0.085547
0.092396
0.396404
0.009238
0.328110
0.256537
0.420911
0.395221
0.790435
0.879904
0.811944
0.481921
0.292845
0.611480
0.165744
0.120027
0.067661
0.788821
0.184434
0.361835
0.933936
0.482705
0.640844
0.324246
0.251407
0.295379
0.662166
0.972525
0.299683
0.228341
0.750522
0.624377
0.254136
0.794101
0.778217
0.607315
0.754542
0.522255
0.638119
0.653628
0.369633
0.256839
0.528552
0.341996
0.624819
0.667370
0.599775
0.273946
0.908422
0.006896
0.961732
0.623066
0.767013
0.000687
0.718636
0.287108
0.388741
0.082332
0.132922
0.097325
0.385585
0.226797
0.569205
0.834795
0.895388
0.859905
0.716353
0.198825
0.964463
0.014598
0.776943
0.988895
0.575602
0.936301
0.436552
0.784200
0.398201
0.356576
0.318730
0.683795
0.294626
0.145181
0.291486
0.513750
0.041130
0.389592
0.627944
0.191487
0.251898
0.548596
0.333714
0.347877
0.937680
0.647592
0.503064
0.401622
0.358497
0.765782
0.406753
0.431564
0.375045
0.372733
0.072315
0.095116
0.078668
0.274450
0.561965
0.261804
0.342041
0.003428
0.848085
0.802838
0.800957
0.591906
0.778665
0.416582
0.525171
0.550479
0.014309
0.484698
0.766966
0.196372
0.943341
0.634428
0.177742
0.241319
0.160375
0.538461
0.054920
0.701469
0.815959
0.459934
0.632763
0.673952
0.044577
0.840701
0.146282
0.364293
0.698621
0.215266
0.094240
0.187597
0.946722
0.519394
0.650119
0.987257
0.329765
0.939252
0.980375
0.348622
0.365498
0.284529
0.367722
0.649166
0.172737
0.538581
0.594911
0.990039
0.693856
0.383969
0.649854
0.970798
0.765760
0.647947
0.649521
0.501386
0.056411
0.244848
0.569507
0.548457
0.254371
0.759914
0.962438
0.287832
0.136829
0.229465
0.528043
0.057761
0.730279
0.074911
0.387514
0.576421
0.535877
0.866674
0.397140
0.616336
0.686094
0.157457
0.933058
0.209532
0.913904
0.812373
0.763686
0.737560
0.940641
0.442664
0.222219
0.768848
0.988811
0.612587
0.444419
0.234129
0.776137
0.196912
0.832538
0.527195
0.691504
0.528071
0.729978
0.980724
0.831547
0.984028
0.999058
0.206087
0.366372
0.874876
0.990785
0.988205
0.739709
0.754732
0.126356
0.966541
0.145759
0.823459
0.860750
0.837579
0.858109
0.633056
0.074898
0.947086
0.019155
0.946678
0.484948
0.669899
0.942135
0.925271
0.165313
0.086483
0.418573
0.141485
0.665738
0.313287
0.116063
0.358654
0.810250
0.693049
0.827448
0.085493
0.464949
0.417459
0.757426
0.777196
0.484240
0.633398
0.635693
0.429181
0.083957
0.006197
0.415311
0.746293
0.257707
0.001277
0.631527
0.249514
0.028859
0.739867
0.870602
0.466032
0.238989
0.592722
0.555755
0.300353
0.875247
0.401767
0.535435
0.890272
0.709008
0.032648
0.883132
0.731209
0.624313
0.550687
0.541266
0.163531
0.768395
0.132845
0.006265
0.899975
0.710434
0.538463
0.193762
0.320770
0.923113
0.866293
0.538974
0.379665
0.711129
0.548970
0.398345
0.160138
0.632893
0.729358
0.714142
0.954462
0.387875
0.420258
0.445155
0.246050
0.028218
0.677423
0.619355
0.900659
0.892969
0.386483
0.985996
0.981623
0.348165
0.612373
0.029524
0.799552
0.710009
0.872497
0.437731
0.286702
0.949973
0.225357
0.717728
0.849102
0.957237
0.495247
0.468637
0.750237
0.641044
0.739663
0.262918
0.209074
0.010176
0.278705
0.771715
0.358597
0.915032
0.420900
0.971799
0.555215
0.956594
0.993286
0.516530
0.712715
0.478796
0.057863
0.032786
0.214904
0.332309
0.916006
0.951117
0.073067
0.578938
0.859394
0.583204
0.040662
0.003949
0.007838
0.458183
0.208621
0.016344
0.887876
0.825689
0.136443
0.359771
0.290842
0.850179
0.240043
0.300492
0.468973
0.313097
0.589504
0.315881
0.726083
0.696255
0.583599
0.080549
0.062577
0.161645
0.260008
0.510084
0.384078
0.500369
0.921029
0.098994
0.403530
0.375891
0.973226
0.130886
0.767935
0.308039
0.969637
0.888825
0.205563
0.108364
0.671865
0.514093
0.138232
0.322640
0.237785
0.001733
0.177376
0.027780
0.877918
0.213675
0.370676
0.009144
0.235759
0.324204
0.245604
0.318528
0.670239
0.487522
0.236466
0.827789
0.830351
0.825693
0.925643
0.325289
0.853883
0.342573
0.873392
0.155664
0.346894
0.351324
0.209314
0.511737
0.206396
0.952760
0.529014
0.086899
0.620504
0.770408
0.096904
0.496478
0.126559
0.367531
0.473018
0.866350
0.049539
0.415729
0.412495
0.985746
0.596667
0.091227
0.152127
0.919063